0 48 Car -1 -1 2.57 303 167 459 293 -1 -1 -1 -1000 -1000 -1000 -10 1
1 48 Car -1 -1 2.57 301 159 471 289 -1 -1 -1 -1000 -1000 -1000 -10 1
2 48 Car -1 -1 2.57 299 150 471 280 -1 -1 -1 -1000 -1000 -1000 -10 1
3 48 Car -1 -1 2.57 297 141 448 273 -1 -1 -1 -1000 -1000 -1000 -10 1
4 48 Car -1 -1 2.57 300 145 450 269 -1 -1 -1 -1000 -1000 -1000 -10 1
5 48 Car -1 -1 2.57 296 147 451 267 -1 -1 -1 -1000 -1000 -1000 -10 1
6 48 Car -1 -1 2.57 298 146 451 266 -1 -1 -1 -1000 -1000 -1000 -10 1
7 48 Car -1 -1 2.57 295 148 444 272 -1 -1 -1 -1000 -1000 -1000 -10 1
8 48 Car -1 -1 2.57 291 151 445 271 -1 -1 -1 -1000 -1000 -1000 -10 1
9 48 Car -1 -1 2.57 291 152 442 271 -1 -1 -1 -1000 -1000 -1000 -10 1
10 48 Car -1 -1 2.57 288 151 439 272 -1 -1 -1 -1000 -1000 -1000 -10 1
11 48 Car -1 -1 2.57 285 157 449 273 -1 -1 -1 -1000 -1000 -1000 -10 1
11 137 Car -1 -1 2.57 417 171 474 211 -1 -1 -1 -1000 -1000 -1000 -10 1
12 48 Car -1 -1 2.57 274 158 443 269 -1 -1 -1 -1000 -1000 -1000 -10 1
12 137 Car -1 -1 2.57 432 166 497 205 -1 -1 -1 -1000 -1000 -1000 -10 1
13 48 Car -1 -1 2.57 291 157 430 265 -1 -1 -1 -1000 -1000 -1000 -10 1
13 137 Car -1 -1 2.57 440 165 487 206 -1 -1 -1 -1000 -1000 -1000 -10 1
14 48 Car -1 -1 2.57 289 152 428 270 -1 -1 -1 -1000 -1000 -1000 -10 1
14 137 Car -1 -1 2.57 444 167 508 210 -1 -1 -1 -1000 -1000 -1000 -10 1
15 48 Car -1 -1 2.57 279 151 440 269 -1 -1 -1 -1000 -1000 -1000 -10 1
15 137 Car -1 -1 2.57 454 168 512 207 -1 -1 -1 -1000 -1000 -1000 -10 1
16 48 Car -1 -1 2.57 273 151 439 267 -1 -1 -1 -1000 -1000 -1000 -10 1
16 137 Car -1 -1 2.57 463 165 518 205 -1 -1 -1 -1000 -1000 -1000 -10 1
16 228 Car -1 -1 2.57 98 188 153 219 -1 -1 -1 -1000 -1000 -1000 -10 1
17 48 Car -1 -1 2.57 284 153 439 266 -1 -1 -1 -1000 -1000 -1000 -10 1
17 137 Car -1 -1 2.57 467 166 529 212 -1 -1 -1 -1000 -1000 -1000 -10 1
18 48 Car -1 -1 2.57 284 163 424 268 -1 -1 -1 -1000 -1000 -1000 -10 1
18 137 Car -1 -1 2.57 470 175 534 213 -1 -1 -1 -1000 -1000 -1000 -10 1
19 48 Car -1 -1 2.57 279 167 433 271 -1 -1 -1 -1000 -1000 -1000 -10 1
19 137 Car -1 -1 2.57 483 180 552 223 -1 -1 -1 -1000 -1000 -1000 -10 1
20 48 Car -1 -1 2.57 279 175 431 280 -1 -1 -1 -1000 -1000 -1000 -10 1
20 137 Car -1 -1 2.57 489 184 555 229 -1 -1 -1 -1000 -1000 -1000 -10 1
21 48 Car -1 -1 2.57 295 172 428 277 -1 -1 -1 -1000 -1000 -1000 -10 1
21 137 Car -1 -1 2.57 497 183 560 226 -1 -1 -1 -1000 -1000 -1000 -10 1
22 48 Car -1 -1 2.57 293 174 423 272 -1 -1 -1 -1000 -1000 -1000 -10 1
22 137 Car -1 -1 2.57 507 180 569 220 -1 -1 -1 -1000 -1000 -1000 -10 1
23 48 Car -1 -1 2.57 307 169 419 271 -1 -1 -1 -1000 -1000 -1000 -10 1
23 137 Car -1 -1 2.57 519 174 579 216 -1 -1 -1 -1000 -1000 -1000 -10 1
24 48 Car -1 -1 2.57 304 169 414 270 -1 -1 -1 -1000 -1000 -1000 -10 1
25 48 Car -1 -1 2.57 304 167 422 265 -1 -1 -1 -1000 -1000 -1000 -10 1
25 239 Car -1 -1 2.57 529 176 593 217 -1 -1 -1 -1000 -1000 -1000 -10 1
26 48 Car -1 -1 2.57 312 158 429 261 -1 -1 -1 -1000 -1000 -1000 -10 1
26 239 Car -1 -1 2.57 545 168 607 213 -1 -1 -1 -1000 -1000 -1000 -10 1
27 48 Car -1 -1 2.57 315 162 431 253 -1 -1 -1 -1000 -1000 -1000 -10 1
27 239 Car -1 -1 2.57 546 164 609 210 -1 -1 -1 -1000 -1000 -1000 -10 1
28 48 Car -1 -1 2.57 317 160 434 252 -1 -1 -1 -1000 -1000 -1000 -10 1
28 239 Car -1 -1 2.57 557 162 610 207 -1 -1 -1 -1000 -1000 -1000 -10 1
29 48 Car -1 -1 2.57 326 164 425 252 -1 -1 -1 -1000 -1000 -1000 -10 1
29 239 Car -1 -1 2.57 566 161 632 209 -1 -1 -1 -1000 -1000 -1000 -10 1
30 48 Car -1 -1 2.57 328 162 438 252 -1 -1 -1 -1000 -1000 -1000 -10 1
30 239 Car -1 -1 2.57 570 165 630 209 -1 -1 -1 -1000 -1000 -1000 -10 1
31 48 Car -1 -1 2.57 327 168 439 249 -1 -1 -1 -1000 -1000 -1000 -10 1
31 239 Car -1 -1 2.57 570 164 654 213 -1 -1 -1 -1000 -1000 -1000 -10 1
32 48 Car -1 -1 2.57 345 162 451 249 -1 -1 -1 -1000 -1000 -1000 -10 1
32 239 Car -1 -1 2.57 591 167 658 211 -1 -1 -1 -1000 -1000 -1000 -10 1
33 48 Car -1 -1 2.57 352 163 455 255 -1 -1 -1 -1000 -1000 -1000 -10 1
33 239 Car -1 -1 2.57 600 165 672 211 -1 -1 -1 -1000 -1000 -1000 -10 1
34 48 Car -1 -1 2.57 350 165 468 248 -1 -1 -1 -1000 -1000 -1000 -10 1
34 241 Car -1 -1 2.57 269 192 306 224 -1 -1 -1 -1000 -1000 -1000 -10 1
35 48 Car -1 -1 2.57 373 162 477 244 -1 -1 -1 -1000 -1000 -1000 -10 1
35 137 Car -1 -1 2.57 618 164 690 210 -1 -1 -1 -1000 -1000 -1000 -10 1
36 48 Car -1 -1 2.57 384 152 483 244 -1 -1 -1 -1000 -1000 -1000 -10 1
36 137 Car -1 -1 2.57 627 164 699 210 -1 -1 -1 -1000 -1000 -1000 -10 1
37 48 Car -1 -1 2.57 392 156 509 244 -1 -1 -1 -1000 -1000 -1000 -10 1
37 137 Car -1 -1 2.57 648 156 715 198 -1 -1 -1 -1000 -1000 -1000 -10 1
38 48 Car -1 -1 2.57 411 158 510 244 -1 -1 -1 -1000 -1000 -1000 -10 1
39 48 Car -1 -1 2.57 421 158 533 244 -1 -1 -1 -1000 -1000 -1000 -10 1
39 113 Car -1 -1 2.57 663 160 739 210 -1 -1 -1 -1000 -1000 -1000 -10 1
40 48 Car -1 -1 2.57 436 160 543 244 -1 -1 -1 -1000 -1000 -1000 -10 1
40 113 Car -1 -1 2.57 680 159 744 213 -1 -1 -1 -1000 -1000 -1000 -10 1
41 48 Car -1 -1 2.57 452 159 558 243 -1 -1 -1 -1000 -1000 -1000 -10 1
41 113 Car -1 -1 2.57 696 160 762 213 -1 -1 -1 -1000 -1000 -1000 -10 1
42 48 Car -1 -1 2.57 463 163 584 250 -1 -1 -1 -1000 -1000 -1000 -10 1
42 113 Car -1 -1 2.57 714 160 787 216 -1 -1 -1 -1000 -1000 -1000 -10 1
43 48 Car -1 -1 2.57 485 161 598 254 -1 -1 -1 -1000 -1000 -1000 -10 1
43 113 Car -1 -1 2.57 724 164 824 225 -1 -1 -1 -1000 -1000 -1000 -10 1
44 48 Car -1 -1 2.57 493 161 616 251 -1 -1 -1 -1000 -1000 -1000 -10 1
44 113 Car -1 -1 2.57 741 165 811 224 -1 -1 -1 -1000 -1000 -1000 -10 1
44 386 Car -1 -1 2.57 725 165 825 226 -1 -1 -1 -1000 -1000 -1000 -10 1
45 48 Car -1 -1 2.57 520 160 622 249 -1 -1 -1 -1000 -1000 -1000 -10 1
45 386 Car -1 -1 2.57 762 161 836 223 -1 -1 -1 -1000 -1000 -1000 -10 1
46 48 Car -1 -1 2.57 537 159 643 253 -1 -1 -1 -1000 -1000 -1000 -10 1
46 386 Car -1 -1 2.57 783 162 869 223 -1 -1 -1 -1000 -1000 -1000 -10 1
47 48 Car -1 -1 2.57 559 162 680 251 -1 -1 -1 -1000 -1000 -1000 -10 1
47 386 Car -1 -1 2.57 793 163 898 228 -1 -1 -1 -1000 -1000 -1000 -10 1
48 48 Car -1 -1 2.57 578 159 705 251 -1 -1 -1 -1000 -1000 -1000 -10 1
48 386 Car -1 -1 2.57 810 165 915 230 -1 -1 -1 -1000 -1000 -1000 -10 1
48 497 Car -1 -1 2.57 392 202 424 219 -1 -1 -1 -1000 -1000 -1000 -10 1
49 48 Car -1 -1 2.57 601 161 717 244 -1 -1 -1 -1000 -1000 -1000 -10 1
49 386 Car -1 -1 2.57 817 160 924 225 -1 -1 -1 -1000 -1000 -1000 -10 1
49 497 Car -1 -1 2.57 392 202 424 219 -1 -1 -1 -1000 -1000 -1000 -10 1
50 48 Car -1 -1 2.57 615 158 753 244 -1 -1 -1 -1000 -1000 -1000 -10 1
50 386 Car -1 -1 2.57 854 159 955 229 -1 -1 -1 -1000 -1000 -1000 -10 1
51 48 Car -1 -1 2.57 618 159 777 237 -1 -1 -1 -1000 -1000 -1000 -10 1
51 386 Car -1 -1 2.57 866 158 980 225 -1 -1 -1 -1000 -1000 -1000 -10 1
52 505 Car -1 -1 2.57 636 157 795 235 -1 -1 -1 -1000 -1000 -1000 -10 1
52 386 Car -1 -1 2.57 893 155 1004 230 -1 -1 -1 -1000 -1000 -1000 -10 1
53 505 Car -1 -1 2.57 668 148 825 247 -1 -1 -1 -1000 -1000 -1000 -10 1
53 386 Car -1 -1 2.57 918 155 1025 231 -1 -1 -1 -1000 -1000 -1000 -10 1
53 614 Car -1 -1 2.57 1094 157 1240 368 -1 -1 -1 -1000 -1000 -1000 -10 1
54 505 Car -1 -1 2.57 688 147 844 250 -1 -1 -1 -1000 -1000 -1000 -10 1
54 386 Car -1 -1 2.57 922 152 1058 237 -1 -1 -1 -1000 -1000 -1000 -10 1
54 673 Car -1 -1 2.57 1079 143 1208 244 -1 -1 -1 -1000 -1000 -1000 -10 1
55 505 Car -1 -1 2.57 701 150 866 249 -1 -1 -1 -1000 -1000 -1000 -10 1
55 386 Car -1 -1 2.57 952 153 1077 236 -1 -1 -1 -1000 -1000 -1000 -10 1
55 673 Car -1 -1 2.57 1113 140 1232 236 -1 -1 -1 -1000 -1000 -1000 -10 1
56 505 Car -1 -1 2.57 713 148 888 246 -1 -1 -1 -1000 -1000 -1000 -10 1
56 386 Car -1 -1 2.57 978 154 1126 239 -1 -1 -1 -1000 -1000 -1000 -10 1
56 803 Car -1 -1 2.57 600 200 636 224 -1 -1 -1 -1000 -1000 -1000 -10 1
57 505 Car -1 -1 2.57 742 147 923 248 -1 -1 -1 -1000 -1000 -1000 -10 1
57 386 Car -1 -1 2.57 981 154 1141 241 -1 -1 -1 -1000 -1000 -1000 -10 1
58 505 Car -1 -1 2.57 757 150 956 245 -1 -1 -1 -1000 -1000 -1000 -10 1
58 386 Car -1 -1 2.57 1000 149 1182 239 -1 -1 -1 -1000 -1000 -1000 -10 1
58 810 Car -1 -1 2.57 613 176 678 203 -1 -1 -1 -1000 -1000 -1000 -10 1
59 505 Car -1 -1 2.57 767 148 969 243 -1 -1 -1 -1000 -1000 -1000 -10 1
59 386 Car -1 -1 2.57 1035 151 1192 238 -1 -1 -1 -1000 -1000 -1000 -10 1
60 505 Car -1 -1 2.57 800 144 993 246 -1 -1 -1 -1000 -1000 -1000 -10 1
60 386 Car -1 -1 2.57 1034 149 1226 245 -1 -1 -1 -1000 -1000 -1000 -10 1
60 798 Car -1 -1 2.57 617 175 682 202 -1 -1 -1 -1000 -1000 -1000 -10 1
61 505 Car -1 -1 2.57 813 150 1035 247 -1 -1 -1 -1000 -1000 -1000 -10 1
61 386 Car -1 -1 2.57 1055 154 1220 239 -1 -1 -1 -1000 -1000 -1000 -10 1
61 877 Car -1 -1 2.57 633 200 675 229 -1 -1 -1 -1000 -1000 -1000 -10 1
62 505 Car -1 -1 2.57 827 148 1067 246 -1 -1 -1 -1000 -1000 -1000 -10 1
62 386 Car -1 -1 2.57 1085 146 1228 253 -1 -1 -1 -1000 -1000 -1000 -10 1
62 916 Car -1 -1 2.57 618 175 712 211 -1 -1 -1 -1000 -1000 -1000 -10 1
63 505 Car -1 -1 2.57 902 149 1075 242 -1 -1 -1 -1000 -1000 -1000 -10 1
63 386 Car -1 -1 2.57 1094 145 1240 249 -1 -1 -1 -1000 -1000 -1000 -10 1
64 505 Car -1 -1 2.57 925 149 1094 240 -1 -1 -1 -1000 -1000 -1000 -10 1
64 386 Car -1 -1 2.57 1111 144 1241 251 -1 -1 -1 -1000 -1000 -1000 -10 1
64 926 Car -1 -1 2.57 649 175 716 203 -1 -1 -1 -1000 -1000 -1000 -10 1
65 505 Car -1 -1 2.57 928 149 1134 242 -1 -1 -1 -1000 -1000 -1000 -10 1
65 926 Car -1 -1 2.57 647 176 722 205 -1 -1 -1 -1000 -1000 -1000 -10 1
65 955 Car -1 -1 2.57 1071 143 1234 267 -1 -1 -1 -1000 -1000 -1000 -10 1
66 505 Car -1 -1 2.57 959 149 1165 246 -1 -1 -1 -1000 -1000 -1000 -10 1
66 955 Car -1 -1 2.57 1081 139 1240 266 -1 -1 -1 -1000 -1000 -1000 -10 1
66 1049 Car -1 -1 2.57 632 180 722 229 -1 -1 -1 -1000 -1000 -1000 -10 1
67 505 Car -1 -1 2.57 973 153 1175 249 -1 -1 -1 -1000 -1000 -1000 -10 1
67 955 Car -1 -1 2.57 1104 140 1240 273 -1 -1 -1 -1000 -1000 -1000 -10 1
67 1049 Car -1 -1 2.57 651 180 712 210 -1 -1 -1 -1000 -1000 -1000 -10 1
68 505 Car -1 -1 2.57 994 154 1192 246 -1 -1 -1 -1000 -1000 -1000 -10 1
68 1049 Car -1 -1 2.57 628 181 723 218 -1 -1 -1 -1000 -1000 -1000 -10 1
68 955 Car -1 -1 2.57 1102 142 1236 283 -1 -1 -1 -1000 -1000 -1000 -10 1
69 505 Car -1 -1 2.57 1010 153 1226 246 -1 -1 -1 -1000 -1000 -1000 -10 1
69 1049 Car -1 -1 2.57 641 184 704 212 -1 -1 -1 -1000 -1000 -1000 -10 1
70 505 Car -1 -1 2.57 1031 154 1240 247 -1 -1 -1 -1000 -1000 -1000 -10 1
70 1049 Car -1 -1 2.57 641 184 704 212 -1 -1 -1 -1000 -1000 -1000 -10 1
71 505 Car -1 -1 2.57 1038 154 1231 251 -1 -1 -1 -1000 -1000 -1000 -10 1
71 1049 Car -1 -1 2.57 606 179 702 223 -1 -1 -1 -1000 -1000 -1000 -10 1
72 505 Car -1 -1 2.57 1057 155 1241 246 -1 -1 -1 -1000 -1000 -1000 -10 1
72 1049 Car -1 -1 2.57 610 180 689 214 -1 -1 -1 -1000 -1000 -1000 -10 1
73 1049 Car -1 -1 2.57 595 178 665 209 -1 -1 -1 -1000 -1000 -1000 -10 1
73 1097 Car -1 -1 2.57 1080 153 1230 270 -1 -1 -1 -1000 -1000 -1000 -10 1
74 1049 Car -1 -1 2.57 563 177 671 215 -1 -1 -1 -1000 -1000 -1000 -10 1
75 1049 Car -1 -1 2.57 565 177 659 215 -1 -1 -1 -1000 -1000 -1000 -10 1
75 1170 Car -1 -1 2.57 1105 150 1222 286 -1 -1 -1 -1000 -1000 -1000 -10 1
76 1049 Car -1 -1 2.57 559 177 653 215 -1 -1 -1 -1000 -1000 -1000 -10 1
76 1170 Car -1 -1 2.57 1105 152 1224 273 -1 -1 -1 -1000 -1000 -1000 -10 1
77 1049 Car -1 -1 2.57 553 177 647 215 -1 -1 -1 -1000 -1000 -1000 -10 1
77 1170 Car -1 -1 2.57 1105 151 1224 272 -1 -1 -1 -1000 -1000 -1000 -10 1
77 1263 Car -1 -1 2.57 1097 158 1233 291 -1 -1 -1 -1000 -1000 -1000 -10 1
78 1170 Car -1 -1 2.57 1106 150 1225 271 -1 -1 -1 -1000 -1000 -1000 -10 1
78 1263 Car -1 -1 2.57 1097 161 1230 281 -1 -1 -1 -1000 -1000 -1000 -10 1
79 1313 Car -1 -1 2.57 536 183 614 220 -1 -1 -1 -1000 -1000 -1000 -10 1
79 1263 Car -1 -1 2.57 1107 146 1240 298 -1 -1 -1 -1000 -1000 -1000 -10 1
80 1263 Car -1 -1 2.57 1122 157 1240 298 -1 -1 -1 -1000 -1000 -1000 -10 1
81 776 Car -1 -1 2.57 519 185 597 222 -1 -1 -1 -1000 -1000 -1000 -10 1
81 1263 Car -1 -1 2.57 1115 154 1241 309 -1 -1 -1 -1000 -1000 -1000 -10 1
82 1263 Car -1 -1 2.57 1078 155 1241 314 -1 -1 -1 -1000 -1000 -1000 -10 1
84 1352 Car -1 -1 2.57 1086 149 1240 314 -1 -1 -1 -1000 -1000 -1000 -10 1
85 1352 Car -1 -1 2.57 1077 145 1241 320 -1 -1 -1 -1000 -1000 -1000 -10 1
85 1320 Car -1 -1 2.57 1032 182 1098 220 -1 -1 -1 -1000 -1000 -1000 -10 1
86 1352 Car -1 -1 2.57 1060 147 1230 318 -1 -1 -1 -1000 -1000 -1000 -10 1
86 1320 Car -1 -1 2.57 1021 179 1073 217 -1 -1 -1 -1000 -1000 -1000 -10 1
87 1352 Car -1 -1 2.57 1050 146 1233 332 -1 -1 -1 -1000 -1000 -1000 -10 1
87 1320 Car -1 -1 2.57 998 179 1074 216 -1 -1 -1 -1000 -1000 -1000 -10 1
88 1352 Car -1 -1 2.57 1050 150 1229 335 -1 -1 -1 -1000 -1000 -1000 -10 1
88 1320 Car -1 -1 2.57 986 177 1040 218 -1 -1 -1 -1000 -1000 -1000 -10 1
89 1352 Car -1 -1 2.57 1023 151 1238 333 -1 -1 -1 -1000 -1000 -1000 -10 1
89 1320 Car -1 -1 2.57 963 179 1025 216 -1 -1 -1 -1000 -1000 -1000 -10 1
90 1352 Car -1 -1 2.57 1043 137 1240 352 -1 -1 -1 -1000 -1000 -1000 -10 1
90 1320 Car -1 -1 2.57 944 178 1007 216 -1 -1 -1 -1000 -1000 -1000 -10 1
91 1352 Car -1 -1 2.57 1039 136 1241 354 -1 -1 -1 -1000 -1000 -1000 -10 1
91 1320 Car -1 -1 2.57 902 179 982 215 -1 -1 -1 -1000 -1000 -1000 -10 1
91 1495 Car -1 -1 2.57 994 171 1063 232 -1 -1 -1 -1000 -1000 -1000 -10 1
92 1352 Car -1 -1 2.57 1024 142 1228 354 -1 -1 -1 -1000 -1000 -1000 -10 1
92 1320 Car -1 -1 2.57 901 177 963 215 -1 -1 -1 -1000 -1000 -1000 -10 1
92 1495 Car -1 -1 2.57 989 167 1065 233 -1 -1 -1 -1000 -1000 -1000 -10 1
93 1352 Car -1 -1 2.57 986 137 1241 363 -1 -1 -1 -1000 -1000 -1000 -10 1
93 1320 Car -1 -1 2.57 890 177 949 213 -1 -1 -1 -1000 -1000 -1000 -10 1
93 1495 Car -1 -1 2.57 973 166 1051 233 -1 -1 -1 -1000 -1000 -1000 -10 1
93 1583 Car -1 -1 2.57 150 187 201 212 -1 -1 -1 -1000 -1000 -1000 -10 1
94 1352 Car -1 -1 2.57 995 143 1240 368 -1 -1 -1 -1000 -1000 -1000 -10 1
94 1320 Car -1 -1 2.57 869 179 934 214 -1 -1 -1 -1000 -1000 -1000 -10 1
94 1495 Car -1 -1 2.57 958 168 1039 231 -1 -1 -1 -1000 -1000 -1000 -10 1
94 1583 Car -1 -1 2.57 117 185 173 211 -1 -1 -1 -1000 -1000 -1000 -10 1
95 1352 Car -1 -1 2.57 1001 139 1240 374 -1 -1 -1 -1000 -1000 -1000 -10 1
95 1320 Car -1 -1 2.57 854 179 919 214 -1 -1 -1 -1000 -1000 -1000 -10 1
95 1495 Car -1 -1 2.57 945 167 1026 229 -1 -1 -1 -1000 -1000 -1000 -10 1
95 1583 Car -1 -1 2.57 80 184 149 209 -1 -1 -1 -1000 -1000 -1000 -10 1
96 1352 Car -1 -1 2.57 986 143 1241 374 -1 -1 -1 -1000 -1000 -1000 -10 1
96 1320 Car -1 -1 2.57 839 182 884 218 -1 -1 -1 -1000 -1000 -1000 -10 1
96 1495 Car -1 -1 2.57 935 168 1002 232 -1 -1 -1 -1000 -1000 -1000 -10 1
96 1583 Car -1 -1 2.57 53 180 117 209 -1 -1 -1 -1000 -1000 -1000 -10 1
97 1352 Car -1 -1 2.57 1005 141 1238 374 -1 -1 -1 -1000 -1000 -1000 -10 1
97 1320 Car -1 -1 2.57 820 182 868 218 -1 -1 -1 -1000 -1000 -1000 -10 1
97 1495 Car -1 -1 2.57 919 170 989 230 -1 -1 -1 -1000 -1000 -1000 -10 1
97 1583 Car -1 -1 2.57 26 178 97 207 -1 -1 -1 -1000 -1000 -1000 -10 1
98 1352 Car -1 -1 2.57 996 132 1241 374 -1 -1 -1 -1000 -1000 -1000 -10 1
98 1320 Car -1 -1 2.57 800 181 847 220 -1 -1 -1 -1000 -1000 -1000 -10 1
98 1495 Car -1 -1 2.57 905 173 973 226 -1 -1 -1 -1000 -1000 -1000 -10 1
98 1583 Car -1 -1 2.57 0 177 44 207 -1 -1 -1 -1000 -1000 -1000 -10 1
99 1352 Car -1 -1 2.57 992 137 1240 373 -1 -1 -1 -1000 -1000 -1000 -10 1
99 1320 Car -1 -1 2.57 786 183 829 217 -1 -1 -1 -1000 -1000 -1000 -10 1
99 1495 Car -1 -1 2.57 888 172 953 228 -1 -1 -1 -1000 -1000 -1000 -10 1
100 1352 Car -1 -1 2.57 999 134 1241 371 -1 -1 -1 -1000 -1000 -1000 -10 1
100 1320 Car -1 -1 2.57 769 180 813 219 -1 -1 -1 -1000 -1000 -1000 -10 1
100 1495 Car -1 -1 2.57 871 172 941 229 -1 -1 -1 -1000 -1000 -1000 -10 1
100 1718 Car -1 -1 2.57 944 185 983 222 -1 -1 -1 -1000 -1000 -1000 -10 1
101 1352 Car -1 -1 2.57 983 129 1241 368 -1 -1 -1 -1000 -1000 -1000 -10 1
101 1320 Car -1 -1 2.57 748 179 797 215 -1 -1 -1 -1000 -1000 -1000 -10 1
101 1495 Car -1 -1 2.57 859 173 924 223 -1 -1 -1 -1000 -1000 -1000 -10 1
101 1718 Car -1 -1 2.57 926 181 975 219 -1 -1 -1 -1000 -1000 -1000 -10 1
101 1787 Car -1 -1 2.57 722 198 778 232 -1 -1 -1 -1000 -1000 -1000 -10 1
102 1320 Car -1 -1 2.57 734 178 778 214 -1 -1 -1 -1000 -1000 -1000 -10 1
102 1495 Car -1 -1 2.57 844 174 907 223 -1 -1 -1 -1000 -1000 -1000 -10 1
102 1718 Car -1 -1 2.57 909 182 963 217 -1 -1 -1 -1000 -1000 -1000 -10 1
103 1320 Car -1 -1 2.57 715 176 761 215 -1 -1 -1 -1000 -1000 -1000 -10 1
103 1495 Car -1 -1 2.57 832 174 895 223 -1 -1 -1 -1000 -1000 -1000 -10 1
103 1897 Car -1 -1 2.57 1002 130 1237 374 -1 -1 -1 -1000 -1000 -1000 -10 1
104 1320 Car -1 -1 2.57 701 177 745 216 -1 -1 -1 -1000 -1000 -1000 -10 1
104 1495 Car -1 -1 2.57 805 171 869 222 -1 -1 -1 -1000 -1000 -1000 -10 1
104 1713 Car -1 -1 2.57 835 180 944 223 -1 -1 -1 -1000 -1000 -1000 -10 1
104 1897 Car -1 -1 2.57 994 122 1241 374 -1 -1 -1 -1000 -1000 -1000 -10 1
104 1948 Car -1 -1 2.57 904 185 987 231 -1 -1 -1 -1000 -1000 -1000 -10 1
105 1320 Car -1 -1 2.57 682 177 730 218 -1 -1 -1 -1000 -1000 -1000 -10 1
105 1495 Car -1 -1 2.57 789 171 856 219 -1 -1 -1 -1000 -1000 -1000 -10 1
105 1713 Car -1 -1 2.57 861 183 904 217 -1 -1 -1 -1000 -1000 -1000 -10 1
105 1897 Car -1 -1 2.57 959 110 1241 374 -1 -1 -1 -1000 -1000 -1000 -10 1
105 1948 Car -1 -1 2.57 905 184 984 233 -1 -1 -1 -1000 -1000 -1000 -10 1
106 1320 Car -1 -1 2.57 666 176 711 221 -1 -1 -1 -1000 -1000 -1000 -10 1
106 1495 Car -1 -1 2.57 779 171 829 219 -1 -1 -1 -1000 -1000 -1000 -10 1
106 1713 Car -1 -1 2.57 852 182 895 216 -1 -1 -1 -1000 -1000 -1000 -10 1
106 1897 Car -1 -1 2.57 915 112 1240 373 -1 -1 -1 -1000 -1000 -1000 -10 1
106 1948 Car -1 -1 2.57 892 185 991 236 -1 -1 -1 -1000 -1000 -1000 -10 1
107 1320 Car -1 -1 2.57 651 181 696 217 -1 -1 -1 -1000 -1000 -1000 -10 1
107 1495 Car -1 -1 2.57 759 170 813 220 -1 -1 -1 -1000 -1000 -1000 -10 1
107 1713 Car -1 -1 2.57 843 181 886 215 -1 -1 -1 -1000 -1000 -1000 -10 1
107 1897 Car -1 -1 2.57 909 110 1234 371 -1 -1 -1 -1000 -1000 -1000 -10 1
107 1948 Car -1 -1 2.57 897 186 990 242 -1 -1 -1 -1000 -1000 -1000 -10 1
107 2069 Car -1 -1 2.57 858 189 934 230 -1 -1 -1 -1000 -1000 -1000 -10 1
107 2136 Car -1 -1 2.57 977 103 1241 374 -1 -1 -1 -1000 -1000 -1000 -10 1
108 1320 Car -1 -1 2.57 635 175 681 225 -1 -1 -1 -1000 -1000 -1000 -10 1
108 1495 Car -1 -1 2.57 741 173 797 222 -1 -1 -1 -1000 -1000 -1000 -10 1
108 1948 Car -1 -1 2.57 881 186 996 243 -1 -1 -1 -1000 -1000 -1000 -10 1
108 2069 Car -1 -1 2.57 848 189 916 231 -1 -1 -1 -1000 -1000 -1000 -10 1
109 1320 Car -1 -1 2.57 615 177 666 223 -1 -1 -1 -1000 -1000 -1000 -10 1
109 1495 Car -1 -1 2.57 726 172 782 217 -1 -1 -1 -1000 -1000 -1000 -10 1
109 1948 Car -1 -1 2.57 853 186 986 245 -1 -1 -1 -1000 -1000 -1000 -10 1
110 1320 Car -1 -1 2.57 601 174 650 217 -1 -1 -1 -1000 -1000 -1000 -10 1
110 1495 Car -1 -1 2.57 711 169 768 218 -1 -1 -1 -1000 -1000 -1000 -10 1
110 1948 Car -1 -1 2.57 858 187 966 245 -1 -1 -1 -1000 -1000 -1000 -10 1
111 1320 Car -1 -1 2.57 585 173 638 218 -1 -1 -1 -1000 -1000 -1000 -10 1
111 1495 Car -1 -1 2.57 694 171 750 217 -1 -1 -1 -1000 -1000 -1000 -10 1
111 1948 Car -1 -1 2.57 837 185 957 242 -1 -1 -1 -1000 -1000 -1000 -10 1
111 2059 Car -1 -1 2.57 840 188 908 230 -1 -1 -1 -1000 -1000 -1000 -10 1
111 2224 Car -1 -1 2.57 768 180 825 218 -1 -1 -1 -1000 -1000 -1000 -10 1
112 1320 Car -1 -1 2.57 567 171 621 220 -1 -1 -1 -1000 -1000 -1000 -10 1
112 1495 Car -1 -1 2.57 681 171 728 215 -1 -1 -1 -1000 -1000 -1000 -10 1
112 1948 Car -1 -1 2.57 841 183 951 245 -1 -1 -1 -1000 -1000 -1000 -10 1
112 2224 Car -1 -1 2.57 755 178 822 219 -1 -1 -1 -1000 -1000 -1000 -10 1
113 1320 Car -1 -1 2.57 549 173 604 219 -1 -1 -1 -1000 -1000 -1000 -10 1
113 1495 Car -1 -1 2.57 664 170 717 213 -1 -1 -1 -1000 -1000 -1000 -10 1
113 1948 Car -1 -1 2.57 803 181 948 244 -1 -1 -1 -1000 -1000 -1000 -10 1
113 2224 Car -1 -1 2.57 745 177 797 220 -1 -1 -1 -1000 -1000 -1000 -10 1
113 2316 Car -1 -1 2.57 770 183 851 220 -1 -1 -1 -1000 -1000 -1000 -10 1
114 1320 Car -1 -1 2.57 531 173 591 220 -1 -1 -1 -1000 -1000 -1000 -10 1
114 1495 Car -1 -1 2.57 654 168 699 212 -1 -1 -1 -1000 -1000 -1000 -10 1
114 1948 Car -1 -1 2.57 810 183 935 247 -1 -1 -1 -1000 -1000 -1000 -10 1
114 2224 Car -1 -1 2.57 730 178 799 217 -1 -1 -1 -1000 -1000 -1000 -10 1
114 2316 Car -1 -1 2.57 774 187 841 232 -1 -1 -1 -1000 -1000 -1000 -10 1
114 2437 Car -1 -1 2.57 35 174 227 298 -1 -1 -1 -1000 -1000 -1000 -10 1
114 2440 Car -1 -1 2.57 5 189 88 223 -1 -1 -1 -1000 -1000 -1000 -10 1
115 1320 Car -1 -1 2.57 517 174 576 220 -1 -1 -1 -1000 -1000 -1000 -10 1
115 1495 Car -1 -1 2.57 636 170 686 212 -1 -1 -1 -1000 -1000 -1000 -10 1
115 1948 Car -1 -1 2.57 807 184 919 249 -1 -1 -1 -1000 -1000 -1000 -10 1
115 2224 Car -1 -1 2.57 720 177 772 223 -1 -1 -1 -1000 -1000 -1000 -10 1
115 2316 Car -1 -1 2.57 760 182 831 232 -1 -1 -1 -1000 -1000 -1000 -10 1
115 2437 Car -1 -1 2.57 0 176 194 293 -1 -1 -1 -1000 -1000 -1000 -10 1
116 1320 Car -1 -1 2.57 498 177 558 220 -1 -1 -1 -1000 -1000 -1000 -10 1
116 1495 Car -1 -1 2.57 619 169 675 214 -1 -1 -1 -1000 -1000 -1000 -10 1
116 1948 Car -1 -1 2.57 795 179 921 255 -1 -1 -1 -1000 -1000 -1000 -10 1
116 2224 Car -1 -1 2.57 709 179 765 221 -1 -1 -1 -1000 -1000 -1000 -10 1
116 2316 Car -1 -1 2.57 743 185 829 237 -1 -1 -1 -1000 -1000 -1000 -10 1
116 2572 Car -1 -1 2.57 0 192 190 319 -1 -1 -1 -1000 -1000 -1000 -10 1
117 1320 Car -1 -1 2.57 481 174 544 222 -1 -1 -1 -1000 -1000 -1000 -10 1
117 1495 Car -1 -1 2.57 607 169 660 213 -1 -1 -1 -1000 -1000 -1000 -10 1
117 1948 Car -1 -1 2.57 784 184 906 258 -1 -1 -1 -1000 -1000 -1000 -10 1
117 2224 Car -1 -1 2.57 697 178 756 223 -1 -1 -1 -1000 -1000 -1000 -10 1
117 2316 Car -1 -1 2.57 740 188 818 237 -1 -1 -1 -1000 -1000 -1000 -10 1
117 2606 Car -1 -1 2.57 653 178 699 212 -1 -1 -1 -1000 -1000 -1000 -10 1
117 2572 Car -1 -1 2.57 11 157 135 344 -1 -1 -1 -1000 -1000 -1000 -10 1
118 1320 Car -1 -1 2.57 462 174 533 224 -1 -1 -1 -1000 -1000 -1000 -10 1
118 1495 Car -1 -1 2.57 588 172 642 213 -1 -1 -1 -1000 -1000 -1000 -10 1
118 1948 Car -1 -1 2.57 779 185 899 256 -1 -1 -1 -1000 -1000 -1000 -10 1
118 2224 Car -1 -1 2.57 680 179 755 223 -1 -1 -1 -1000 -1000 -1000 -10 1
118 2316 Car -1 -1 2.57 727 185 819 240 -1 -1 -1 -1000 -1000 -1000 -10 1
118 2606 Car -1 -1 2.57 644 179 698 211 -1 -1 -1 -1000 -1000 -1000 -10 1
118 2572 Car -1 -1 2.57 0 166 146 347 -1 -1 -1 -1000 -1000 -1000 -10 1
119 1320 Car -1 -1 2.57 443 178 519 226 -1 -1 -1 -1000 -1000 -1000 -10 1
119 1495 Car -1 -1 2.57 576 172 625 215 -1 -1 -1 -1000 -1000 -1000 -10 1
119 1948 Car -1 -1 2.57 750 183 921 258 -1 -1 -1 -1000 -1000 -1000 -10 1
119 2224 Car -1 -1 2.57 672 180 736 224 -1 -1 -1 -1000 -1000 -1000 -10 1
119 2316 Car -1 -1 2.57 715 188 808 237 -1 -1 -1 -1000 -1000 -1000 -10 1
119 2606 Car -1 -1 2.57 630 181 675 211 -1 -1 -1 -1000 -1000 -1000 -10 1
119 2688 Car -1 -1 2.57 6 197 111 341 -1 -1 -1 -1000 -1000 -1000 -10 1
120 1320 Car -1 -1 2.57 435 175 502 231 -1 -1 -1 -1000 -1000 -1000 -10 1
120 1495 Car -1 -1 2.57 559 171 609 215 -1 -1 -1 -1000 -1000 -1000 -10 1
120 1948 Car -1 -1 2.57 771 186 895 265 -1 -1 -1 -1000 -1000 -1000 -10 1
120 2224 Car -1 -1 2.57 657 179 725 226 -1 -1 -1 -1000 -1000 -1000 -10 1
120 2316 Car -1 -1 2.57 713 186 795 241 -1 -1 -1 -1000 -1000 -1000 -10 1
120 2606 Car -1 -1 2.57 613 180 672 212 -1 -1 -1 -1000 -1000 -1000 -10 1
121 1320 Car -1 -1 2.57 407 175 487 231 -1 -1 -1 -1000 -1000 -1000 -10 1
121 1495 Car -1 -1 2.57 547 171 597 210 -1 -1 -1 -1000 -1000 -1000 -10 1
121 1948 Car -1 -1 2.57 752 186 893 269 -1 -1 -1 -1000 -1000 -1000 -10 1
121 2224 Car -1 -1 2.57 644 178 714 227 -1 -1 -1 -1000 -1000 -1000 -10 1
121 2316 Car -1 -1 2.57 697 186 797 243 -1 -1 -1 -1000 -1000 -1000 -10 1
121 2606 Car -1 -1 2.57 600 179 656 210 -1 -1 -1 -1000 -1000 -1000 -10 1
122 1320 Car -1 -1 2.57 388 177 470 230 -1 -1 -1 -1000 -1000 -1000 -10 1
122 1495 Car -1 -1 2.57 530 169 578 211 -1 -1 -1 -1000 -1000 -1000 -10 1
122 1948 Car -1 -1 2.57 753 185 882 269 -1 -1 -1 -1000 -1000 -1000 -10 1
122 2224 Car -1 -1 2.57 634 178 707 224 -1 -1 -1 -1000 -1000 -1000 -10 1
122 2316 Car -1 -1 2.57 681 186 787 243 -1 -1 -1 -1000 -1000 -1000 -10 1
122 2606 Car -1 -1 2.57 587 178 651 210 -1 -1 -1 -1000 -1000 -1000 -10 1
123 1320 Car -1 -1 2.57 376 172 450 233 -1 -1 -1 -1000 -1000 -1000 -10 1
123 1495 Car -1 -1 2.57 514 167 563 213 -1 -1 -1 -1000 -1000 -1000 -10 1
123 1948 Car -1 -1 2.57 738 189 879 272 -1 -1 -1 -1000 -1000 -1000 -10 1
123 2224 Car -1 -1 2.57 619 179 692 226 -1 -1 -1 -1000 -1000 -1000 -10 1
123 2316 Car -1 -1 2.57 665 187 787 250 -1 -1 -1 -1000 -1000 -1000 -10 1
123 2606 Car -1 -1 2.57 578 179 637 216 -1 -1 -1 -1000 -1000 -1000 -10 1
124 1320 Car -1 -1 2.57 350 175 437 236 -1 -1 -1 -1000 -1000 -1000 -10 1
124 1495 Car -1 -1 2.57 496 167 550 208 -1 -1 -1 -1000 -1000 -1000 -10 1
124 1948 Car -1 -1 2.57 728 183 871 275 -1 -1 -1 -1000 -1000 -1000 -10 1
124 2224 Car -1 -1 2.57 603 177 674 227 -1 -1 -1 -1000 -1000 -1000 -10 1
124 2316 Car -1 -1 2.57 647 188 769 247 -1 -1 -1 -1000 -1000 -1000 -10 1
124 2606 Car -1 -1 2.57 558 179 616 215 -1 -1 -1 -1000 -1000 -1000 -10 1
125 1320 Car -1 -1 2.57 322 177 411 238 -1 -1 -1 -1000 -1000 -1000 -10 1
125 1495 Car -1 -1 2.57 482 169 530 209 -1 -1 -1 -1000 -1000 -1000 -10 1
125 1948 Car -1 -1 2.57 724 185 856 275 -1 -1 -1 -1000 -1000 -1000 -10 1
125 2224 Car -1 -1 2.57 590 176 658 228 -1 -1 -1 -1000 -1000 -1000 -10 1
125 2316 Car -1 -1 2.57 635 183 762 251 -1 -1 -1 -1000 -1000 -1000 -10 1
125 2606 Car -1 -1 2.57 543 178 603 213 -1 -1 -1 -1000 -1000 -1000 -10 1
126 1320 Car -1 -1 2.57 292 177 399 243 -1 -1 -1 -1000 -1000 -1000 -10 1
126 1495 Car -1 -1 2.57 469 169 513 210 -1 -1 -1 -1000 -1000 -1000 -10 1
126 1948 Car -1 -1 2.57 712 182 857 284 -1 -1 -1 -1000 -1000 -1000 -10 1
126 2224 Car -1 -1 2.57 578 179 656 230 -1 -1 -1 -1000 -1000 -1000 -10 1
126 2316 Car -1 -1 2.57 631 186 747 252 -1 -1 -1 -1000 -1000 -1000 -10 1
126 2606 Car -1 -1 2.57 538 174 608 217 -1 -1 -1 -1000 -1000 -1000 -10 1
127 1320 Car -1 -1 2.57 279 176 378 248 -1 -1 -1 -1000 -1000 -1000 -10 1
127 1495 Car -1 -1 2.57 450 169 498 208 -1 -1 -1 -1000 -1000 -1000 -10 1
127 1948 Car -1 -1 2.57 707 183 849 287 -1 -1 -1 -1000 -1000 -1000 -10 1
127 2224 Car -1 -1 2.57 562 176 641 228 -1 -1 -1 -1000 -1000 -1000 -10 1
127 2316 Car -1 -1 2.57 607 183 742 254 -1 -1 -1 -1000 -1000 -1000 -10 1
127 2606 Car -1 -1 2.57 520 177 593 215 -1 -1 -1 -1000 -1000 -1000 -10 1
127 2753 Car -1 -1 2.57 333 177 390 220 -1 -1 -1 -1000 -1000 -1000 -10 1
128 1320 Car -1 -1 2.57 255 179 361 251 -1 -1 -1 -1000 -1000 -1000 -10 1
128 1495 Car -1 -1 2.57 440 167 489 210 -1 -1 -1 -1000 -1000 -1000 -10 1
128 1948 Car -1 -1 2.57 704 184 848 286 -1 -1 -1 -1000 -1000 -1000 -10 1
128 2224 Car -1 -1 2.57 554 174 643 231 -1 -1 -1 -1000 -1000 -1000 -10 1
128 2316 Car -1 -1 2.57 594 181 738 260 -1 -1 -1 -1000 -1000 -1000 -10 1
128 2606 Car -1 -1 2.57 508 178 579 217 -1 -1 -1 -1000 -1000 -1000 -10 1
128 2753 Car -1 -1 2.57 318 179 375 232 -1 -1 -1 -1000 -1000 -1000 -10 1
129 1320 Car -1 -1 2.57 235 183 340 257 -1 -1 -1 -1000 -1000 -1000 -10 1
129 1495 Car -1 -1 2.57 431 172 479 212 -1 -1 -1 -1000 -1000 -1000 -10 1
129 1948 Car -1 -1 2.57 703 183 855 297 -1 -1 -1 -1000 -1000 -1000 -10 1
129 2224 Car -1 -1 2.57 543 180 661 232 -1 -1 -1 -1000 -1000 -1000 -10 1
129 2316 Car -1 -1 2.57 594 183 738 258 -1 -1 -1 -1000 -1000 -1000 -10 1
129 2606 Car -1 -1 2.57 500 179 568 217 -1 -1 -1 -1000 -1000 -1000 -10 1
129 2753 Car -1 -1 2.57 309 180 362 230 -1 -1 -1 -1000 -1000 -1000 -10 1
130 1320 Car -1 -1 2.57 211 188 331 263 -1 -1 -1 -1000 -1000 -1000 -10 1
130 1495 Car -1 -1 2.57 424 171 472 215 -1 -1 -1 -1000 -1000 -1000 -10 1
130 1948 Car -1 -1 2.57 703 179 865 305 -1 -1 -1 -1000 -1000 -1000 -10 1
130 2316 Car -1 -1 2.57 597 185 737 266 -1 -1 -1 -1000 -1000 -1000 -10 1
130 2606 Car -1 -1 2.57 489 181 551 214 -1 -1 -1 -1000 -1000 -1000 -10 1
130 2753 Car -1 -1 2.57 285 183 353 236 -1 -1 -1 -1000 -1000 -1000 -10 1
130 2784 Car -1 -1 2.57 495 177 629 230 -1 -1 -1 -1000 -1000 -1000 -10 1
131 1320 Car -1 -1 2.57 192 191 323 271 -1 -1 -1 -1000 -1000 -1000 -10 1
131 1495 Car -1 -1 2.57 419 175 462 216 -1 -1 -1 -1000 -1000 -1000 -10 1
131 1948 Car -1 -1 2.57 719 179 880 312 -1 -1 -1 -1000 -1000 -1000 -10 1
131 2784 Car -1 -1 2.57 508 179 635 235 -1 -1 -1 -1000 -1000 -1000 -10 1
131 2316 Car -1 -1 2.57 585 185 739 268 -1 -1 -1 -1000 -1000 -1000 -10 1
131 2606 Car -1 -1 2.57 482 182 551 220 -1 -1 -1 -1000 -1000 -1000 -10 1
131 2753 Car -1 -1 2.57 256 180 345 242 -1 -1 -1 -1000 -1000 -1000 -10 1
131 2822 Car -1 -1 2.57 495 177 629 230 -1 -1 -1 -1000 -1000 -1000 -10 1
132 1320 Car -1 -1 2.57 178 194 314 284 -1 -1 -1 -1000 -1000 -1000 -10 1
132 1495 Car -1 -1 2.57 416 178 462 218 -1 -1 -1 -1000 -1000 -1000 -10 1
132 1948 Car -1 -1 2.57 721 183 887 315 -1 -1 -1 -1000 -1000 -1000 -10 1
132 2316 Car -1 -1 2.57 604 183 738 270 -1 -1 -1 -1000 -1000 -1000 -10 1
132 2606 Car -1 -1 2.57 484 181 547 223 -1 -1 -1 -1000 -1000 -1000 -10 1
132 2753 Car -1 -1 2.57 267 190 338 236 -1 -1 -1 -1000 -1000 -1000 -10 1
132 2822 Car -1 -1 2.57 522 180 641 242 -1 -1 -1 -1000 -1000 -1000 -10 1
133 1320 Car -1 -1 2.57 146 199 300 290 -1 -1 -1 -1000 -1000 -1000 -10 1
133 1495 Car -1 -1 2.57 417 178 459 220 -1 -1 -1 -1000 -1000 -1000 -10 1
133 1948 Car -1 -1 2.57 728 187 913 324 -1 -1 -1 -1000 -1000 -1000 -10 1
133 2316 Car -1 -1 2.57 599 183 751 277 -1 -1 -1 -1000 -1000 -1000 -10 1
133 2606 Car -1 -1 2.57 486 186 538 223 -1 -1 -1 -1000 -1000 -1000 -10 1
133 2751 Car -1 -1 2.57 243 186 325 256 -1 -1 -1 -1000 -1000 -1000 -10 1
133 2822 Car -1 -1 2.57 518 182 653 240 -1 -1 -1 -1000 -1000 -1000 -10 1
134 1320 Car -1 -1 2.57 133 198 297 293 -1 -1 -1 -1000 -1000 -1000 -10 1
134 1495 Car -1 -1 2.57 414 176 463 217 -1 -1 -1 -1000 -1000 -1000 -10 1
134 1948 Car -1 -1 2.57 745 178 927 341 -1 -1 -1 -1000 -1000 -1000 -10 1
134 2822 Car -1 -1 2.57 529 181 641 245 -1 -1 -1 -1000 -1000 -1000 -10 1
134 2316 Car -1 -1 2.57 601 182 764 287 -1 -1 -1 -1000 -1000 -1000 -10 1
134 2606 Car -1 -1 2.57 478 188 530 225 -1 -1 -1 -1000 -1000 -1000 -10 1
134 2751 Car -1 -1 2.57 251 188 323 250 -1 -1 -1 -1000 -1000 -1000 -10 1
134 2848 Car -1 -1 2.57 499 185 577 226 -1 -1 -1 -1000 -1000 -1000 -10 1
135 1320 Car -1 -1 2.57 116 197 288 292 -1 -1 -1 -1000 -1000 -1000 -10 1
135 1495 Car -1 -1 2.57 421 175 465 213 -1 -1 -1 -1000 -1000 -1000 -10 1
135 1948 Car -1 -1 2.57 759 175 968 356 -1 -1 -1 -1000 -1000 -1000 -10 1
135 2316 Car -1 -1 2.57 598 182 778 290 -1 -1 -1 -1000 -1000 -1000 -10 1
135 2606 Car -1 -1 2.57 486 177 570 219 -1 -1 -1 -1000 -1000 -1000 -10 1
135 2751 Car -1 -1 2.57 227 187 321 252 -1 -1 -1 -1000 -1000 -1000 -10 1
135 2822 Car -1 -1 2.57 537 180 648 242 -1 -1 -1 -1000 -1000 -1000 -10 1
136 1320 Car -1 -1 2.57 91 191 292 303 -1 -1 -1 -1000 -1000 -1000 -10 1
136 1495 Car -1 -1 2.57 425 169 465 212 -1 -1 -1 -1000 -1000 -1000 -10 1
136 1948 Car -1 -1 2.57 768 181 977 362 -1 -1 -1 -1000 -1000 -1000 -10 1
136 2316 Car -1 -1 2.57 620 176 798 293 -1 -1 -1 -1000 -1000 -1000 -10 1
136 2606 Car -1 -1 2.57 484 177 568 219 -1 -1 -1 -1000 -1000 -1000 -10 1
136 2751 Car -1 -1 2.57 228 184 322 255 -1 -1 -1 -1000 -1000 -1000 -10 1
136 2822 Car -1 -1 2.57 550 176 651 245 -1 -1 -1 -1000 -1000 -1000 -10 1
137 1320 Car -1 -1 2.57 85 192 292 303 -1 -1 -1 -1000 -1000 -1000 -10 1
137 1495 Car -1 -1 2.57 435 169 477 207 -1 -1 -1 -1000 -1000 -1000 -10 1
137 1948 Car -1 -1 2.57 776 186 985 367 -1 -1 -1 -1000 -1000 -1000 -10 1
137 2316 Car -1 -1 2.57 621 176 815 299 -1 -1 -1 -1000 -1000 -1000 -10 1
137 2606 Car -1 -1 2.57 507 174 591 223 -1 -1 -1 -1000 -1000 -1000 -10 1
137 2751 Car -1 -1 2.57 228 179 328 263 -1 -1 -1 -1000 -1000 -1000 -10 1
137 2822 Car -1 -1 2.57 555 172 664 242 -1 -1 -1 -1000 -1000 -1000 -10 1
137 3005 Car -1 -1 2.57 791 165 1086 374 -1 -1 -1 -1000 -1000 -1000 -10 1
138 1320 Car -1 -1 2.57 54 191 296 309 -1 -1 -1 -1000 -1000 -1000 -10 1
138 1495 Car -1 -1 2.57 442 166 481 206 -1 -1 -1 -1000 -1000 -1000 -10 1
138 1948 Car -1 -1 2.57 784 192 993 373 -1 -1 -1 -1000 -1000 -1000 -10 1
138 2316 Car -1 -1 2.57 623 173 846 307 -1 -1 -1 -1000 -1000 -1000 -10 1
138 2606 Car -1 -1 2.57 524 173 606 227 -1 -1 -1 -1000 -1000 -1000 -10 1
138 2751 Car -1 -1 2.57 231 183 325 257 -1 -1 -1 -1000 -1000 -1000 -10 1
138 2822 Car -1 -1 2.57 565 171 680 241 -1 -1 -1 -1000 -1000 -1000 -10 1
139 1320 Car -1 -1 2.57 50 194 275 314 -1 -1 -1 -1000 -1000 -1000 -10 1
139 1495 Car -1 -1 2.57 451 165 490 207 -1 -1 -1 -1000 -1000 -1000 -10 1
139 2316 Car -1 -1 2.57 636 169 877 321 -1 -1 -1 -1000 -1000 -1000 -10 1
139 2606 Car -1 -1 2.57 528 175 610 229 -1 -1 -1 -1000 -1000 -1000 -10 1
139 2751 Car -1 -1 2.57 219 177 335 267 -1 -1 -1 -1000 -1000 -1000 -10 1
139 2822 Car -1 -1 2.57 577 165 685 245 -1 -1 -1 -1000 -1000 -1000 -10 1
139 3147 Car -1 -1 2.57 873 175 1219 374 -1 -1 -1 -1000 -1000 -1000 -10 1
140 1320 Car -1 -1 2.57 22 190 268 322 -1 -1 -1 -1000 -1000 -1000 -10 1
140 1495 Car -1 -1 2.57 457 168 503 204 -1 -1 -1 -1000 -1000 -1000 -10 1
140 2316 Car -1 -1 2.57 645 173 886 325 -1 -1 -1 -1000 -1000 -1000 -10 1
140 2606 Car -1 -1 2.57 521 173 611 222 -1 -1 -1 -1000 -1000 -1000 -10 1
140 2751 Car -1 -1 2.57 214 178 344 268 -1 -1 -1 -1000 -1000 -1000 -10 1
140 2822 Car -1 -1 2.57 587 168 709 250 -1 -1 -1 -1000 -1000 -1000 -10 1
140 3138 Car -1 -1 2.57 314 181 371 229 -1 -1 -1 -1000 -1000 -1000 -10 1
140 3232 Car -1 -1 2.57 947 167 1230 370 -1 -1 -1 -1000 -1000 -1000 -10 1
141 1320 Car -1 -1 2.57 33 191 268 324 -1 -1 -1 -1000 -1000 -1000 -10 1
141 1495 Car -1 -1 2.57 469 165 507 206 -1 -1 -1 -1000 -1000 -1000 -10 1
141 2316 Car -1 -1 2.57 654 177 895 329 -1 -1 -1 -1000 -1000 -1000 -10 1
141 2606 Car -1 -1 2.57 524 172 614 221 -1 -1 -1 -1000 -1000 -1000 -10 1
141 2751 Car -1 -1 2.57 208 180 345 268 -1 -1 -1 -1000 -1000 -1000 -10 1
141 2822 Car -1 -1 2.57 596 168 716 255 -1 -1 -1 -1000 -1000 -1000 -10 1
141 3138 Car -1 -1 2.57 316 184 375 233 -1 -1 -1 -1000 -1000 -1000 -10 1
141 3335 Car -1 -1 2.57 1034 163 1241 374 -1 -1 -1 -1000 -1000 -1000 -10 1
142 1320 Car -1 -1 2.57 0 189 268 342 -1 -1 -1 -1000 -1000 -1000 -10 1
142 1495 Car -1 -1 2.57 480 167 515 208 -1 -1 -1 -1000 -1000 -1000 -10 1
142 2316 Car -1 -1 2.57 663 180 904 332 -1 -1 -1 -1000 -1000 -1000 -10 1
142 2606 Car -1 -1 2.57 548 174 616 223 -1 -1 -1 -1000 -1000 -1000 -10 1
142 2751 Car -1 -1 2.57 199 181 340 276 -1 -1 -1 -1000 -1000 -1000 -10 1
142 2822 Car -1 -1 2.57 615 166 739 263 -1 -1 -1 -1000 -1000 -1000 -10 1
142 3138 Car -1 -1 2.57 321 184 384 238 -1 -1 -1 -1000 -1000 -1000 -10 1
142 3328 Car -1 -1 2.57 565 175 677 243 -1 -1 -1 -1000 -1000 -1000 -10 1
142 3448 Car -1 -1 2.57 1099 149 1238 353 -1 -1 -1 -1000 -1000 -1000 -10 1
143 1320 Car -1 -1 2.57 0 186 270 349 -1 -1 -1 -1000 -1000 -1000 -10 1
143 1495 Car -1 -1 2.57 489 170 526 207 -1 -1 -1 -1000 -1000 -1000 -10 1
143 2316 Car -1 -1 2.57 709 194 1002 354 -1 -1 -1 -1000 -1000 -1000 -10 1
143 2606 Car -1 -1 2.57 526 176 626 226 -1 -1 -1 -1000 -1000 -1000 -10 1
143 2751 Car -1 -1 2.57 195 181 359 281 -1 -1 -1 -1000 -1000 -1000 -10 1
143 2822 Car -1 -1 2.57 620 171 765 268 -1 -1 -1 -1000 -1000 -1000 -10 1
143 3138 Car -1 -1 2.57 319 186 390 238 -1 -1 -1 -1000 -1000 -1000 -10 1
143 3328 Car -1 -1 2.57 580 180 662 237 -1 -1 -1 -1000 -1000 -1000 -10 1
143 3544 Car -1 -1 2.57 713 188 1050 373 -1 -1 -1 -1000 -1000 -1000 -10 1
143 3542 Car -1 -1 2.57 985 125 1241 345 -1 -1 -1 -1000 -1000 -1000 -10 1
144 1320 Car -1 -1 2.57 0 192 258 356 -1 -1 -1 -1000 -1000 -1000 -10 1
144 1495 Car -1 -1 2.57 496 168 536 206 -1 -1 -1 -1000 -1000 -1000 -10 1
144 3544 Car -1 -1 2.57 697 195 954 355 -1 -1 -1 -1000 -1000 -1000 -10 1
144 2606 Car -1 -1 2.57 531 174 622 213 -1 -1 -1 -1000 -1000 -1000 -10 1
144 2751 Car -1 -1 2.57 189 183 355 287 -1 -1 -1 -1000 -1000 -1000 -10 1
144 2822 Car -1 -1 2.57 627 169 784 276 -1 -1 -1 -1000 -1000 -1000 -10 1
144 3138 Car -1 -1 2.57 323 185 396 238 -1 -1 -1 -1000 -1000 -1000 -10 1
144 3328 Car -1 -1 2.57 593 175 700 246 -1 -1 -1 -1000 -1000 -1000 -10 1
145 1320 Car -1 -1 2.57 0 188 243 360 -1 -1 -1 -1000 -1000 -1000 -10 1
145 1495 Car -1 -1 2.57 507 168 546 205 -1 -1 -1 -1000 -1000 -1000 -10 1
145 2606 Car -1 -1 2.57 530 178 630 228 -1 -1 -1 -1000 -1000 -1000 -10 1
145 2751 Car -1 -1 2.57 170 180 343 288 -1 -1 -1 -1000 -1000 -1000 -10 1
145 2822 Car -1 -1 2.57 641 170 798 278 -1 -1 -1 -1000 -1000 -1000 -10 1
145 3138 Car -1 -1 2.57 325 181 406 240 -1 -1 -1 -1000 -1000 -1000 -10 1
145 3328 Car -1 -1 2.57 604 175 695 242 -1 -1 -1 -1000 -1000 -1000 -10 1
145 3623 Car -1 -1 2.57 755 176 1238 374 -1 -1 -1 -1000 -1000 -1000 -10 1
145 3739 Car -1 -1 2.57 1120 165 1240 363 -1 -1 -1 -1000 -1000 -1000 -10 1
146 1320 Car -1 -1 2.57 0 189 233 359 -1 -1 -1 -1000 -1000 -1000 -10 1
146 1495 Car -1 -1 2.57 516 166 557 204 -1 -1 -1 -1000 -1000 -1000 -10 1
146 2606 Car -1 -1 2.57 586 174 659 226 -1 -1 -1 -1000 -1000 -1000 -10 1
146 2751 Car -1 -1 2.57 175 178 360 294 -1 -1 -1 -1000 -1000 -1000 -10 1
146 2822 Car -1 -1 2.57 664 168 815 285 -1 -1 -1 -1000 -1000 -1000 -10 1
146 3138 Car -1 -1 2.57 349 180 407 239 -1 -1 -1 -1000 -1000 -1000 -10 1
146 3328 Car -1 -1 2.57 612 171 713 243 -1 -1 -1 -1000 -1000 -1000 -10 1
146 3623 Car -1 -1 2.57 784 183 1222 373 -1 -1 -1 -1000 -1000 -1000 -10 1
147 1320 Car -1 -1 2.57 5 187 258 366 -1 -1 -1 -1000 -1000 -1000 -10 1
147 1495 Car -1 -1 2.57 522 164 572 202 -1 -1 -1 -1000 -1000 -1000 -10 1
147 2606 Car -1 -1 2.57 596 173 648 214 -1 -1 -1 -1000 -1000 -1000 -10 1
147 2751 Car -1 -1 2.57 153 173 355 293 -1 -1 -1 -1000 -1000 -1000 -10 1
147 2822 Car -1 -1 2.57 668 166 841 290 -1 -1 -1 -1000 -1000 -1000 -10 1
147 3138 Car -1 -1 2.57 360 181 418 233 -1 -1 -1 -1000 -1000 -1000 -10 1
147 3328 Car -1 -1 2.57 613 172 732 244 -1 -1 -1 -1000 -1000 -1000 -10 1
147 3712 Car -1 -1 2.57 294 188 391 259 -1 -1 -1 -1000 -1000 -1000 -10 1
148 1320 Car -1 -1 2.57 2 178 223 374 -1 -1 -1 -1000 -1000 -1000 -10 1
148 1495 Car -1 -1 2.57 533 160 576 200 -1 -1 -1 -1000 -1000 -1000 -10 1
148 2751 Car -1 -1 2.57 127 175 356 291 -1 -1 -1 -1000 -1000 -1000 -10 1
148 2822 Car -1 -1 2.57 700 159 882 304 -1 -1 -1 -1000 -1000 -1000 -10 1
148 3138 Car -1 -1 2.57 348 177 413 236 -1 -1 -1 -1000 -1000 -1000 -10 1
148 3328 Car -1 -1 2.57 629 168 736 246 -1 -1 -1 -1000 -1000 -1000 -10 1
148 3712 Car -1 -1 2.57 287 186 391 258 -1 -1 -1 -1000 -1000 -1000 -10 1
148 2606 Car -1 -1 2.57 598 172 670 218 -1 -1 -1 -1000 -1000 -1000 -10 1
148 3946 Car -1 -1 2.57 889 176 1241 371 -1 -1 -1 -1000 -1000 -1000 -10 1
149 1320 Car -1 -1 2.57 0 187 193 363 -1 -1 -1 -1000 -1000 -1000 -10 1
149 1495 Car -1 -1 2.57 537 159 583 199 -1 -1 -1 -1000 -1000 -1000 -10 1
149 2751 Car -1 -1 2.57 98 170 358 296 -1 -1 -1 -1000 -1000 -1000 -10 1
149 2822 Car -1 -1 2.57 698 157 911 315 -1 -1 -1 -1000 -1000 -1000 -10 1
149 3138 Car -1 -1 2.57 358 177 419 230 -1 -1 -1 -1000 -1000 -1000 -10 1
149 3328 Car -1 -1 2.57 616 174 768 235 -1 -1 -1 -1000 -1000 -1000 -10 1
149 3712 Car -1 -1 2.57 308 188 395 253 -1 -1 -1 -1000 -1000 -1000 -10 1
149 2606 Car -1 -1 2.57 606 171 676 215 -1 -1 -1 -1000 -1000 -1000 -10 1
149 3993 Car -1 -1 2.57 969 185 1229 374 -1 -1 -1 -1000 -1000 -1000 -10 1
150 1320 Car -1 -1 2.57 0 184 175 373 -1 -1 -1 -1000 -1000 -1000 -10 1
150 1495 Car -1 -1 2.57 548 160 585 200 -1 -1 -1 -1000 -1000 -1000 -10 1
150 2751 Car -1 -1 2.57 91 169 351 295 -1 -1 -1 -1000 -1000 -1000 -10 1
150 2822 Car -1 -1 2.57 726 158 939 326 -1 -1 -1 -1000 -1000 -1000 -10 1
150 3138 Car -1 -1 2.57 357 179 422 238 -1 -1 -1 -1000 -1000 -1000 -10 1
150 3712 Car -1 -1 2.57 276 189 403 265 -1 -1 -1 -1000 -1000 -1000 -10 1
150 2606 Car -1 -1 2.57 610 170 680 214 -1 -1 -1 -1000 -1000 -1000 -10 1
150 4142 Car -1 -1 2.57 648 168 777 262 -1 -1 -1 -1000 -1000 -1000 -10 1
151 1320 Car -1 -1 2.57 0 185 153 374 -1 -1 -1 -1000 -1000 -1000 -10 1
151 1495 Car -1 -1 2.57 554 167 595 199 -1 -1 -1 -1000 -1000 -1000 -10 1
151 2822 Car -1 -1 2.57 725 167 969 343 -1 -1 -1 -1000 -1000 -1000 -10 1
151 2832 Car -1 -1 2.57 623 168 693 212 -1 -1 -1 -1000 -1000 -1000 -10 1
151 3138 Car -1 -1 2.57 355 178 429 245 -1 -1 -1 -1000 -1000 -1000 -10 1
151 3353 Car -1 -1 2.57 631 172 783 233 -1 -1 -1 -1000 -1000 -1000 -10 1
151 2606 Car -1 -1 2.57 635 175 698 230 -1 -1 -1 -1000 -1000 -1000 -10 1
151 3712 Car -1 -1 2.57 284 188 396 272 -1 -1 -1 -1000 -1000 -1000 -10 1
151 4142 Car -1 -1 2.57 656 167 810 268 -1 -1 -1 -1000 -1000 -1000 -10 1
152 1495 Car -1 -1 2.57 554 166 602 206 -1 -1 -1 -1000 -1000 -1000 -10 1
152 2822 Car -1 -1 2.57 730 165 1018 356 -1 -1 -1 -1000 -1000 -1000 -10 1
152 2832 Car -1 -1 2.57 625 172 676 209 -1 -1 -1 -1000 -1000 -1000 -10 1
152 3138 Car -1 -1 2.57 358 182 430 245 -1 -1 -1 -1000 -1000 -1000 -10 1
152 3353 Car -1 -1 2.57 645 179 717 243 -1 -1 -1 -1000 -1000 -1000 -10 1
152 2606 Car -1 -1 2.57 642 176 705 231 -1 -1 -1 -1000 -1000 -1000 -10 1
152 3712 Car -1 -1 2.57 280 191 395 277 -1 -1 -1 -1000 -1000 -1000 -10 1
152 4142 Car -1 -1 2.57 665 176 809 270 -1 -1 -1 -1000 -1000 -1000 -10 1
153 1495 Car -1 -1 2.57 566 169 602 204 -1 -1 -1 -1000 -1000 -1000 -10 1
153 2798 Car -1 -1 2.57 749 171 1037 362 -1 -1 -1 -1000 -1000 -1000 -10 1
153 2832 Car -1 -1 2.57 630 171 681 208 -1 -1 -1 -1000 -1000 -1000 -10 1
153 3138 Car -1 -1 2.57 343 188 431 251 -1 -1 -1 -1000 -1000 -1000 -10 1
153 3353 Car -1 -1 2.57 648 179 739 249 -1 -1 -1 -1000 -1000 -1000 -10 1
153 2606 Car -1 -1 2.57 650 178 713 233 -1 -1 -1 -1000 -1000 -1000 -10 1
153 3712 Car -1 -1 2.57 276 191 390 286 -1 -1 -1 -1000 -1000 -1000 -10 1
153 4142 Car -1 -1 2.57 670 177 829 280 -1 -1 -1 -1000 -1000 -1000 -10 1
153 4371 Car -1 -1 2.57 0 168 319 360 -1 -1 -1 -1000 -1000 -1000 -10 1
153 2822 Car -1 -1 2.57 766 168 1082 368 -1 -1 -1 -1000 -1000 -1000 -10 1
