0 0 Car -1 -1 2.57 3 181 112 237 -1 -1 -1 -1000 -1000 -1000 -10 1
0 1 Car -1 -1 2.57 96 175 215 225 -1 -1 -1 -1000 -1000 -1000 -10 1
1 0 Car -1 -1 2.57 0 183 79 235 -1 -1 -1 -1000 -1000 -1000 -10 1
1 1 Car -1 -1 2.57 70 173 206 226 -1 -1 -1 -1000 -1000 -1000 -10 1
2 0 Car -1 -1 2.57 26 169 191 240 -1 -1 -1 -1000 -1000 -1000 -10 1
2 1 Car -1 -1 2.57 169 180 260 220 -1 -1 -1 -1000 -1000 -1000 -10 1
3 0 Car -1 -1 2.57 3 169 158 254 -1 -1 -1 -1000 -1000 -1000 -10 1
3 1 Car -1 -1 2.57 135 178 238 225 -1 -1 -1 -1000 -1000 -1000 -10 1
4 0 Car -1 -1 2.57 1 165 126 248 -1 -1 -1 -1000 -1000 -1000 -10 1
4 1 Car -1 -1 2.57 111 182 226 226 -1 -1 -1 -1000 -1000 -1000 -10 1
5 0 Car -1 -1 2.57 72 183 202 229 -1 -1 -1 -1000 -1000 -1000 -10 1
5 1 Car -1 -1 2.57 1 190 91 235 -1 -1 -1 -1000 -1000 -1000 -10 1
6 0 Car -1 -1 2.57 39 180 173 231 -1 -1 -1 -1000 -1000 -1000 -10 1
6 1 Car -1 -1 2.57 0 162 36 262 -1 -1 -1 -1000 -1000 -1000 -10 1
7 0 Car -1 -1 2.57 10 179 159 229 -1 -1 -1 -1000 -1000 -1000 -10 1
7 1 Car -1 -1 2.57 -8 164 27 264 -1 -1 -1 -1000 -1000 -1000 -10 1
8 0 Car -1 -1 2.57 8 170 101 240 -1 -1 -1 -1000 -1000 -1000 -10 1
9 0 Car -1 -1 2.57 7 170 100 240 -1 -1 -1 -1000 -1000 -1000 -10 1
12 2 Car -1 -1 2.57 713 177 731 190 -1 -1 -1 -1000 -1000 -1000 -10 1
13 2 Car -1 -1 2.57 714 174 732 188 -1 -1 -1 -1000 -1000 -1000 -10 1
14 2 Car -1 -1 2.57 714 174 732 188 -1 -1 -1 -1000 -1000 -1000 -10 1
15 2 Car -1 -1 2.57 714 174 732 188 -1 -1 -1 -1000 -1000 -1000 -10 1
16 2 Car -1 -1 2.57 714 174 732 188 -1 -1 -1 -1000 -1000 -1000 -10 1
19 3 Car -1 -1 2.57 709 170 727 186 -1 -1 -1 -1000 -1000 -1000 -10 1
20 3 Car -1 -1 2.57 705 170 725 186 -1 -1 -1 -1000 -1000 -1000 -10 1
21 3 Car -1 -1 2.57 704 170 724 186 -1 -1 -1 -1000 -1000 -1000 -10 1
22 3 Car -1 -1 2.57 703 171 722 185 -1 -1 -1 -1000 -1000 -1000 -10 1
23 3 Car -1 -1 2.57 703 171 722 185 -1 -1 -1 -1000 -1000 -1000 -10 1
24 3 Car -1 -1 2.57 702 172 726 187 -1 -1 -1 -1000 -1000 -1000 -10 1
25 3 Car -1 -1 2.57 702 172 726 187 -1 -1 -1 -1000 -1000 -1000 -10 1
26 3 Car -1 -1 2.57 702 172 726 187 -1 -1 -1 -1000 -1000 -1000 -10 1
27 3 Car -1 -1 2.57 709 175 727 190 -1 -1 -1 -1000 -1000 -1000 -10 1
28 3 Car -1 -1 2.57 712 173 733 189 -1 -1 -1 -1000 -1000 -1000 -10 1
29 3 Car -1 -1 2.57 712 171 732 186 -1 -1 -1 -1000 -1000 -1000 -10 1
30 3 Car -1 -1 2.57 712 171 732 186 -1 -1 -1 -1000 -1000 -1000 -10 1
31 3 Car -1 -1 2.57 714 170 736 186 -1 -1 -1 -1000 -1000 -1000 -10 1
32 3 Car -1 -1 2.57 715 170 733 186 -1 -1 -1 -1000 -1000 -1000 -10 1
33 3 Car -1 -1 2.57 716 170 736 188 -1 -1 -1 -1000 -1000 -1000 -10 1
34 3 Car -1 -1 2.57 717 170 737 188 -1 -1 -1 -1000 -1000 -1000 -10 1
35 3 Car -1 -1 2.57 717 170 736 189 -1 -1 -1 -1000 -1000 -1000 -10 1
35 4 Car -1 -1 2.57 591 170 617 187 -1 -1 -1 -1000 -1000 -1000 -10 1
36 3 Car -1 -1 2.57 717 170 738 187 -1 -1 -1 -1000 -1000 -1000 -10 1
36 4 Car -1 -1 2.57 591 170 617 187 -1 -1 -1 -1000 -1000 -1000 -10 1
37 3 Car -1 -1 2.57 717 170 738 187 -1 -1 -1 -1000 -1000 -1000 -10 1
37 4 Car -1 -1 2.57 584 170 610 186 -1 -1 -1 -1000 -1000 -1000 -10 1
38 3 Car -1 -1 2.57 716 168 739 188 -1 -1 -1 -1000 -1000 -1000 -10 1
38 4 Car -1 -1 2.57 583 170 609 186 -1 -1 -1 -1000 -1000 -1000 -10 1
39 3 Car -1 -1 2.57 717 168 740 188 -1 -1 -1 -1000 -1000 -1000 -10 1
39 4 Car -1 -1 2.57 717 168 739 187 -1 -1 -1 -1000 -1000 -1000 -10 1
40 3 Car -1 -1 2.57 567 167 599 193 -1 -1 -1 -1000 -1000 -1000 -10 1
40 4 Car -1 -1 2.57 718 167 738 187 -1 -1 -1 -1000 -1000 -1000 -10 1
41 3 Car -1 -1 2.57 563 171 592 191 -1 -1 -1 -1000 -1000 -1000 -10 1
41 4 Car -1 -1 2.57 713 170 737 188 -1 -1 -1 -1000 -1000 -1000 -10 1
42 3 Car -1 -1 2.57 556 172 583 191 -1 -1 -1 -1000 -1000 -1000 -10 1
42 4 Car -1 -1 2.57 714 170 738 190 -1 -1 -1 -1000 -1000 -1000 -10 1
43 3 Car -1 -1 2.57 548 172 578 192 -1 -1 -1 -1000 -1000 -1000 -10 1
43 4 Car -1 -1 2.57 712 170 738 190 -1 -1 -1 -1000 -1000 -1000 -10 1
44 3 Car -1 -1 2.57 539 172 573 193 -1 -1 -1 -1000 -1000 -1000 -10 1
44 4 Car -1 -1 2.57 717 171 739 191 -1 -1 -1 -1000 -1000 -1000 -10 1
45 3 Car -1 -1 2.57 537 174 566 196 -1 -1 -1 -1000 -1000 -1000 -10 1
45 4 Car -1 -1 2.57 713 170 739 193 -1 -1 -1 -1000 -1000 -1000 -10 1
46 3 Car -1 -1 2.57 530 174 561 197 -1 -1 -1 -1000 -1000 -1000 -10 1
46 4 Car -1 -1 2.57 714 173 738 194 -1 -1 -1 -1000 -1000 -1000 -10 1
47 3 Car -1 -1 2.57 516 176 558 197 -1 -1 -1 -1000 -1000 -1000 -10 1
47 4 Car -1 -1 2.57 717 174 739 196 -1 -1 -1 -1000 -1000 -1000 -10 1
48 3 Car -1 -1 2.57 506 176 553 198 -1 -1 -1 -1000 -1000 -1000 -10 1
48 4 Car -1 -1 2.57 716 173 735 195 -1 -1 -1 -1000 -1000 -1000 -10 1
49 3 Car -1 -1 2.57 500 177 544 199 -1 -1 -1 -1000 -1000 -1000 -10 1
49 4 Car -1 -1 2.57 716 171 740 197 -1 -1 -1 -1000 -1000 -1000 -10 1
50 3 Car -1 -1 2.57 489 176 537 201 -1 -1 -1 -1000 -1000 -1000 -10 1
50 4 Car -1 -1 2.57 713 173 739 196 -1 -1 -1 -1000 -1000 -1000 -10 1
51 3 Car -1 -1 2.57 480 175 526 200 -1 -1 -1 -1000 -1000 -1000 -10 1
51 4 Car -1 -1 2.57 714 170 740 196 -1 -1 -1 -1000 -1000 -1000 -10 1
52 3 Car -1 -1 2.57 463 175 514 202 -1 -1 -1 -1000 -1000 -1000 -10 1
52 4 Car -1 -1 2.57 711 171 739 197 -1 -1 -1 -1000 -1000 -1000 -10 1
53 3 Car -1 -1 2.57 453 177 503 203 -1 -1 -1 -1000 -1000 -1000 -10 1
53 4 Car -1 -1 2.57 712 173 739 198 -1 -1 -1 -1000 -1000 -1000 -10 1
54 3 Car -1 -1 2.57 437 176 496 204 -1 -1 -1 -1000 -1000 -1000 -10 1
54 4 Car -1 -1 2.57 707 173 740 198 -1 -1 -1 -1000 -1000 -1000 -10 1
55 3 Car -1 -1 2.57 425 177 481 205 -1 -1 -1 -1000 -1000 -1000 -10 1
55 4 Car -1 -1 2.57 706 174 737 198 -1 -1 -1 -1000 -1000 -1000 -10 1
56 3 Car -1 -1 2.57 402 177 466 208 -1 -1 -1 -1000 -1000 -1000 -10 1
56 4 Car -1 -1 2.57 705 171 738 199 -1 -1 -1 -1000 -1000 -1000 -10 1
57 3 Car -1 -1 2.57 381 176 452 211 -1 -1 -1 -1000 -1000 -1000 -10 1
57 4 Car -1 -1 2.57 704 171 736 199 -1 -1 -1 -1000 -1000 -1000 -10 1
58 3 Car -1 -1 2.57 362 178 435 215 -1 -1 -1 -1000 -1000 -1000 -10 1
58 4 Car -1 -1 2.57 703 174 733 201 -1 -1 -1 -1000 -1000 -1000 -10 1
59 3 Car -1 -1 2.57 331 179 414 219 -1 -1 -1 -1000 -1000 -1000 -10 1
59 4 Car -1 -1 2.57 700 174 735 202 -1 -1 -1 -1000 -1000 -1000 -10 1
60 3 Car -1 -1 2.57 314 178 400 220 -1 -1 -1 -1000 -1000 -1000 -10 1
60 4 Car -1 -1 2.57 698 173 732 204 -1 -1 -1 -1000 -1000 -1000 -10 1
61 3 Car -1 -1 2.57 287 178 383 223 -1 -1 -1 -1000 -1000 -1000 -10 1
61 4 Car -1 -1 2.57 697 174 729 201 -1 -1 -1 -1000 -1000 -1000 -10 1
62 3 Car -1 -1 2.57 242 177 356 227 -1 -1 -1 -1000 -1000 -1000 -10 1
62 4 Car -1 -1 2.57 694 172 733 202 -1 -1 -1 -1000 -1000 -1000 -10 1
63 3 Car -1 -1 2.57 205 178 329 233 -1 -1 -1 -1000 -1000 -1000 -10 1
63 4 Car -1 -1 2.57 696 171 731 204 -1 -1 -1 -1000 -1000 -1000 -10 1
64 3 Car -1 -1 2.57 151 177 303 238 -1 -1 -1 -1000 -1000 -1000 -10 1
64 4 Car -1 -1 2.57 694 171 734 203 -1 -1 -1 -1000 -1000 -1000 -10 1
65 3 Car -1 -1 2.57 89 181 262 244 -1 -1 -1 -1000 -1000 -1000 -10 1
65 4 Car -1 -1 2.57 692 173 733 206 -1 -1 -1 -1000 -1000 -1000 -10 1
66 3 Car -1 -1 2.57 30 185 239 255 -1 -1 -1 -1000 -1000 -1000 -10 1
66 4 Car -1 -1 2.57 695 172 736 208 -1 -1 -1 -1000 -1000 -1000 -10 1
66 5 Car -1 -1 2.57 882 164 943 187 -1 -1 -1 -1000 -1000 -1000 -10 1
67 3 Car -1 -1 2.57 0 178 172 273 -1 -1 -1 -1000 -1000 -1000 -10 1
67 4 Car -1 -1 2.57 694 172 740 210 -1 -1 -1 -1000 -1000 -1000 -10 1
67 5 Car -1 -1 2.57 885 162 948 185 -1 -1 -1 -1000 -1000 -1000 -10 1
68 3 Car -1 -1 2.57 0 180 111 273 -1 -1 -1 -1000 -1000 -1000 -10 1
68 4 Car -1 -1 2.57 693 170 740 209 -1 -1 -1 -1000 -1000 -1000 -10 1
68 5 Car -1 -1 2.57 873 160 969 184 -1 -1 -1 -1000 -1000 -1000 -10 1
69 3 Car -1 -1 2.57 -23 183 87 276 -1 -1 -1 -1000 -1000 -1000 -10 1
69 4 Car -1 -1 2.57 695 169 743 208 -1 -1 -1 -1000 -1000 -1000 -10 1
69 5 Car -1 -1 2.57 885 160 951 182 -1 -1 -1 -1000 -1000 -1000 -10 1
70 4 Car -1 -1 2.57 693 169 745 211 -1 -1 -1 -1000 -1000 -1000 -10 1
70 5 Car -1 -1 2.57 881 159 954 182 -1 -1 -1 -1000 -1000 -1000 -10 1
71 4 Car -1 -1 2.57 696 169 748 212 -1 -1 -1 -1000 -1000 -1000 -10 1
71 5 Car -1 -1 2.57 990 158 1055 181 -1 -1 -1 -1000 -1000 -1000 -10 1
72 4 Car -1 -1 2.57 699 171 748 214 -1 -1 -1 -1000 -1000 -1000 -10 1
72 5 Car -1 -1 2.57 889 161 955 185 -1 -1 -1 -1000 -1000 -1000 -10 1
73 4 Car -1 -1 2.57 701 174 755 216 -1 -1 -1 -1000 -1000 -1000 -10 1
73 5 Car -1 -1 2.57 892 162 959 187 -1 -1 -1 -1000 -1000 -1000 -10 1
74 4 Car -1 -1 2.57 698 170 760 223 -1 -1 -1 -1000 -1000 -1000 -10 1
74 5 Car -1 -1 2.57 895 163 954 186 -1 -1 -1 -1000 -1000 -1000 -10 1
75 4 Car -1 -1 2.57 701 174 762 224 -1 -1 -1 -1000 -1000 -1000 -10 1
75 5 Car -1 -1 2.57 884 163 945 187 -1 -1 -1 -1000 -1000 -1000 -10 1
76 4 Car -1 -1 2.57 706 172 774 225 -1 -1 -1 -1000 -1000 -1000 -10 1
76 5 Car -1 -1 2.57 888 162 942 186 -1 -1 -1 -1000 -1000 -1000 -10 1
77 4 Car -1 -1 2.57 705 171 775 224 -1 -1 -1 -1000 -1000 -1000 -10 1
77 5 Car -1 -1 2.57 886 160 942 185 -1 -1 -1 -1000 -1000 -1000 -10 1
78 4 Car -1 -1 2.57 708 171 781 225 -1 -1 -1 -1000 -1000 -1000 -10 1
78 5 Car -1 -1 2.57 897 161 938 185 -1 -1 -1 -1000 -1000 -1000 -10 1
79 4 Car -1 -1 2.57 715 172 784 226 -1 -1 -1 -1000 -1000 -1000 -10 1
79 5 Car -1 -1 2.57 873 161 929 186 -1 -1 -1 -1000 -1000 -1000 -10 1
79 6 Car -1 -1 2.57 1136 149 1241 185 -1 -1 -1 -1000 -1000 -1000 -10 1
80 4 Car -1 -1 2.57 715 175 792 231 -1 -1 -1 -1000 -1000 -1000 -10 1
80 5 Car -1 -1 2.57 864 162 925 186 -1 -1 -1 -1000 -1000 -1000 -10 1
80 6 Car -1 -1 2.57 1125 151 1240 187 -1 -1 -1 -1000 -1000 -1000 -10 1
81 4 Car -1 -1 2.57 710 176 804 234 -1 -1 -1 -1000 -1000 -1000 -10 1
81 5 Car -1 -1 2.57 859 164 934 188 -1 -1 -1 -1000 -1000 -1000 -10 1
81 6 Car -1 -1 2.57 1124 151 1239 187 -1 -1 -1 -1000 -1000 -1000 -10 1
81 7 Car -1 -1 2.57 375 180 409 199 -1 -1 -1 -1000 -1000 -1000 -10 1
82 4 Car -1 -1 2.57 721 173 813 241 -1 -1 -1 -1000 -1000 -1000 -10 1
82 5 Car -1 -1 2.57 692 168 752 191 -1 -1 -1 -1000 -1000 -1000 -10 1
82 6 Car -1 -1 2.57 1124 151 1239 187 -1 -1 -1 -1000 -1000 -1000 -10 1
82 7 Car -1 -1 2.57 363 177 418 202 -1 -1 -1 -1000 -1000 -1000 -10 1
83 4 Car -1 -1 2.57 724 177 817 239 -1 -1 -1 -1000 -1000 -1000 -10 1
83 5 Car -1 -1 2.57 684 170 745 193 -1 -1 -1 -1000 -1000 -1000 -10 1
83 6 Car -1 -1 2.57 862 163 910 193 -1 -1 -1 -1000 -1000 -1000 -10 1
83 7 Car -1 -1 2.57 358 179 419 202 -1 -1 -1 -1000 -1000 -1000 -10 1
84 4 Car -1 -1 2.57 731 175 826 246 -1 -1 -1 -1000 -1000 -1000 -10 1
84 5 Car -1 -1 2.57 677 170 740 194 -1 -1 -1 -1000 -1000 -1000 -10 1
84 6 Car -1 -1 2.57 841 164 899 194 -1 -1 -1 -1000 -1000 -1000 -10 1
84 7 Car -1 -1 2.57 358 180 420 202 -1 -1 -1 -1000 -1000 -1000 -10 1
85 4 Car -1 -1 2.57 732 175 834 252 -1 -1 -1 -1000 -1000 -1000 -10 1
85 5 Car -1 -1 2.57 666 171 729 195 -1 -1 -1 -1000 -1000 -1000 -10 1
85 6 Car -1 -1 2.57 845 165 902 191 -1 -1 -1 -1000 -1000 -1000 -10 1
85 7 Car -1 -1 2.57 361 179 416 204 -1 -1 -1 -1000 -1000 -1000 -10 1
86 4 Car -1 -1 2.57 736 180 844 254 -1 -1 -1 -1000 -1000 -1000 -10 1
86 5 Car -1 -1 2.57 655 172 716 196 -1 -1 -1 -1000 -1000 -1000 -10 1
86 6 Car -1 -1 2.57 823 164 896 194 -1 -1 -1 -1000 -1000 -1000 -10 1
86 7 Car -1 -1 2.57 359 180 419 204 -1 -1 -1 -1000 -1000 -1000 -10 1
87 4 Car -1 -1 2.57 740 177 862 259 -1 -1 -1 -1000 -1000 -1000 -10 1
87 5 Car -1 -1 2.57 643 171 706 196 -1 -1 -1 -1000 -1000 -1000 -10 1
87 6 Car -1 -1 2.57 821 163 896 195 -1 -1 -1 -1000 -1000 -1000 -10 1
87 7 Car -1 -1 2.57 365 181 427 203 -1 -1 -1 -1000 -1000 -1000 -10 1
87 8 Car -1 -1 2.57 964 166 1041 192 -1 -1 -1 -1000 -1000 -1000 -10 1
88 4 Car -1 -1 2.57 739 176 876 263 -1 -1 -1 -1000 -1000 -1000 -10 1
88 5 Car -1 -1 2.57 634 169 698 198 -1 -1 -1 -1000 -1000 -1000 -10 1
88 6 Car -1 -1 2.57 809 164 881 195 -1 -1 -1 -1000 -1000 -1000 -10 1
88 7 Car -1 -1 2.57 368 178 430 202 -1 -1 -1 -1000 -1000 -1000 -10 1
88 8 Car -1 -1 2.57 970 162 1064 193 -1 -1 -1 -1000 -1000 -1000 -10 1
89 4 Car -1 -1 2.57 739 178 892 264 -1 -1 -1 -1000 -1000 -1000 -10 1
89 5 Car -1 -1 2.57 624 172 690 198 -1 -1 -1 -1000 -1000 -1000 -10 1
89 6 Car -1 -1 2.57 806 164 877 195 -1 -1 -1 -1000 -1000 -1000 -10 1
89 7 Car -1 -1 2.57 369 178 435 201 -1 -1 -1 -1000 -1000 -1000 -10 1
89 8 Car -1 -1 2.57 971 162 1065 193 -1 -1 -1 -1000 -1000 -1000 -10 1
90 4 Car -1 -1 2.57 752 172 906 279 -1 -1 -1 -1000 -1000 -1000 -10 1
90 5 Car -1 -1 2.57 607 171 672 198 -1 -1 -1 -1000 -1000 -1000 -10 1
90 6 Car -1 -1 2.57 980 161 1056 192 -1 -1 -1 -1000 -1000 -1000 -10 1
90 7 Car -1 -1 2.57 249 177 309 206 -1 -1 -1 -1000 -1000 -1000 -10 1
90 8 Car -1 -1 2.57 1039 162 1071 190 -1 -1 -1 -1000 -1000 -1000 -10 1
90 9 Car -1 -1 2.57 1177 153 1241 187 -1 -1 -1 -1000 -1000 -1000 -10 1
90 10 Car -1 -1 2.57 374 180 437 203 -1 -1 -1 -1000 -1000 -1000 -10 1
91 4 Car -1 -1 2.57 755 173 912 288 -1 -1 -1 -1000 -1000 -1000 -10 1
91 5 Car -1 -1 2.57 595 172 661 200 -1 -1 -1 -1000 -1000 -1000 -10 1
91 6 Car -1 -1 2.57 965 161 1056 193 -1 -1 -1 -1000 -1000 -1000 -10 1
91 7 Car -1 -1 2.57 236 179 303 207 -1 -1 -1 -1000 -1000 -1000 -10 1
91 8 Car -1 -1 2.57 1044 161 1078 190 -1 -1 -1 -1000 -1000 -1000 -10 1
91 9 Car -1 -1 2.57 1169 152 1240 188 -1 -1 -1 -1000 -1000 -1000 -10 1
91 10 Car -1 -1 2.57 380 176 445 204 -1 -1 -1 -1000 -1000 -1000 -10 1
92 4 Car -1 -1 2.57 760 178 931 286 -1 -1 -1 -1000 -1000 -1000 -10 1
92 5 Car -1 -1 2.57 581 173 657 201 -1 -1 -1 -1000 -1000 -1000 -10 1
92 6 Car -1 -1 2.57 788 166 864 191 -1 -1 -1 -1000 -1000 -1000 -10 1
92 7 Car -1 -1 2.57 239 179 299 207 -1 -1 -1 -1000 -1000 -1000 -10 1
92 8 Car -1 -1 2.57 985 161 1059 194 -1 -1 -1 -1000 -1000 -1000 -10 1
92 9 Car -1 -1 2.57 1168 152 1239 188 -1 -1 -1 -1000 -1000 -1000 -10 1
92 10 Car -1 -1 2.57 387 178 448 204 -1 -1 -1 -1000 -1000 -1000 -10 1
93 4 Car -1 -1 2.57 763 178 952 292 -1 -1 -1 -1000 -1000 -1000 -10 1
93 5 Car -1 -1 2.57 576 173 643 201 -1 -1 -1 -1000 -1000 -1000 -10 1
93 6 Car -1 -1 2.57 779 166 845 193 -1 -1 -1 -1000 -1000 -1000 -10 1
93 7 Car -1 -1 2.57 236 179 295 208 -1 -1 -1 -1000 -1000 -1000 -10 1
93 8 Car -1 -1 2.57 987 159 1074 193 -1 -1 -1 -1000 -1000 -1000 -10 1
93 10 Car -1 -1 2.57 389 178 458 203 -1 -1 -1 -1000 -1000 -1000 -10 1
94 4 Car -1 -1 2.57 771 181 968 301 -1 -1 -1 -1000 -1000 -1000 -10 1
94 5 Car -1 -1 2.57 560 171 632 205 -1 -1 -1 -1000 -1000 -1000 -10 1
94 6 Car -1 -1 2.57 766 165 838 193 -1 -1 -1 -1000 -1000 -1000 -10 1
94 7 Car -1 -1 2.57 230 178 284 209 -1 -1 -1 -1000 -1000 -1000 -10 1
94 8 Car -1 -1 2.57 989 159 1076 193 -1 -1 -1 -1000 -1000 -1000 -10 1
94 10 Car -1 -1 2.57 397 176 470 204 -1 -1 -1 -1000 -1000 -1000 -10 1
94 11 Car -1 -1 2.57 556 178 588 202 -1 -1 -1 -1000 -1000 -1000 -10 1
95 4 Car -1 -1 2.57 786 182 998 310 -1 -1 -1 -1000 -1000 -1000 -10 1
95 5 Car -1 -1 2.57 548 172 620 206 -1 -1 -1 -1000 -1000 -1000 -10 1
95 6 Car -1 -1 2.57 762 166 832 194 -1 -1 -1 -1000 -1000 -1000 -10 1
95 7 Car -1 -1 2.57 228 180 299 208 -1 -1 -1 -1000 -1000 -1000 -10 1
95 8 Car -1 -1 2.57 1190 152 1239 192 -1 -1 -1 -1000 -1000 -1000 -10 1
95 10 Car -1 -1 2.57 406 176 481 203 -1 -1 -1 -1000 -1000 -1000 -10 1
95 11 Car -1 -1 2.57 546 173 618 204 -1 -1 -1 -1000 -1000 -1000 -10 1
96 4 Car -1 -1 2.57 784 179 1043 320 -1 -1 -1 -1000 -1000 -1000 -10 1
96 5 Car -1 -1 2.57 536 173 608 207 -1 -1 -1 -1000 -1000 -1000 -10 1
96 6 Car -1 -1 2.57 746 167 820 195 -1 -1 -1 -1000 -1000 -1000 -10 1
96 7 Car -1 -1 2.57 224 179 301 210 -1 -1 -1 -1000 -1000 -1000 -10 1
96 8 Car -1 -1 2.57 1203 151 1252 191 -1 -1 -1 -1000 -1000 -1000 -10 1
96 10 Car -1 -1 2.57 416 175 488 202 -1 -1 -1 -1000 -1000 -1000 -10 1
96 11 Car -1 -1 2.57 529 171 608 206 -1 -1 -1 -1000 -1000 -1000 -10 1
97 4 Car -1 -1 2.57 791 181 1054 327 -1 -1 -1 -1000 -1000 -1000 -10 1
97 5 Car -1 -1 2.57 427 177 490 206 -1 -1 -1 -1000 -1000 -1000 -10 1
97 6 Car -1 -1 2.57 741 165 811 195 -1 -1 -1 -1000 -1000 -1000 -10 1
97 7 Car -1 -1 2.57 221 177 298 210 -1 -1 -1 -1000 -1000 -1000 -10 1
97 8 Car -1 -1 2.57 1216 150 1265 190 -1 -1 -1 -1000 -1000 -1000 -10 1
97 10 Car -1 -1 2.57 419 175 491 202 -1 -1 -1 -1000 -1000 -1000 -10 1
97 11 Car -1 -1 2.57 503 172 591 206 -1 -1 -1 -1000 -1000 -1000 -10 1
98 4 Car -1 -1 2.57 816 182 1094 344 -1 -1 -1 -1000 -1000 -1000 -10 1
98 5 Car -1 -1 2.57 426 178 496 203 -1 -1 -1 -1000 -1000 -1000 -10 1
98 6 Car -1 -1 2.57 723 166 803 195 -1 -1 -1 -1000 -1000 -1000 -10 1
98 7 Car -1 -1 2.57 223 179 293 209 -1 -1 -1 -1000 -1000 -1000 -10 1
98 8 Car -1 -1 2.57 1229 149 1278 189 -1 -1 -1 -1000 -1000 -1000 -10 1
98 10 Car -1 -1 2.57 422 175 494 202 -1 -1 -1 -1000 -1000 -1000 -10 1
98 11 Car -1 -1 2.57 490 172 579 207 -1 -1 -1 -1000 -1000 -1000 -10 1
99 4 Car -1 -1 2.57 805 182 1141 355 -1 -1 -1 -1000 -1000 -1000 -10 1
99 5 Car -1 -1 2.57 434 174 506 208 -1 -1 -1 -1000 -1000 -1000 -10 1
99 6 Car -1 -1 2.57 723 166 791 195 -1 -1 -1 -1000 -1000 -1000 -10 1
99 7 Car -1 -1 2.57 217 181 293 208 -1 -1 -1 -1000 -1000 -1000 -10 1
99 8 Car -1 -1 2.57 938 163 991 193 -1 -1 -1 -1000 -1000 -1000 -10 1
99 10 Car -1 -1 2.57 466 172 567 207 -1 -1 -1 -1000 -1000 -1000 -10 1
99 11 Car -1 -1 2.57 572 175 601 192 -1 -1 -1 -1000 -1000 -1000 -10 1
100 4 Car -1 -1 2.57 837 183 1181 370 -1 -1 -1 -1000 -1000 -1000 -10 1
100 5 Car -1 -1 2.57 419 176 491 210 -1 -1 -1 -1000 -1000 -1000 -10 1
100 6 Car -1 -1 2.57 705 166 785 196 -1 -1 -1 -1000 -1000 -1000 -10 1
100 7 Car -1 -1 2.57 219 180 284 211 -1 -1 -1 -1000 -1000 -1000 -10 1
100 8 Car -1 -1 2.57 933 164 986 194 -1 -1 -1 -1000 -1000 -1000 -10 1
100 10 Car -1 -1 2.57 460 174 547 209 -1 -1 -1 -1000 -1000 -1000 -10 1
100 11 Car -1 -1 2.57 546 174 591 192 -1 -1 -1 -1000 -1000 -1000 -10 1
101 4 Car -1 -1 2.57 844 177 1228 375 -1 -1 -1 -1000 -1000 -1000 -10 1
101 6 Car -1 -1 2.57 693 167 780 197 -1 -1 -1 -1000 -1000 -1000 -10 1
101 7 Car -1 -1 2.57 217 179 291 211 -1 -1 -1 -1000 -1000 -1000 -10 1
101 8 Car -1 -1 2.57 889 167 963 198 -1 -1 -1 -1000 -1000 -1000 -10 1
101 10 Car -1 -1 2.57 441 173 540 213 -1 -1 -1 -1000 -1000 -1000 -10 1
101 11 Car -1 -1 2.57 546 174 591 192 -1 -1 -1 -1000 -1000 -1000 -10 1
102 4 Car -1 -1 2.57 1104 189 1239 357 -1 -1 -1 -1000 -1000 -1000 -10 1
102 6 Car -1 -1 2.57 572 175 605 192 -1 -1 -1 -1000 -1000 -1000 -10 1
102 7 Car -1 -1 2.57 220 178 298 212 -1 -1 -1 -1000 -1000 -1000 -10 1
102 8 Car -1 -1 2.57 878 170 957 195 -1 -1 -1 -1000 -1000 -1000 -10 1
102 10 Car -1 -1 2.57 501 175 553 201 -1 -1 -1 -1000 -1000 -1000 -10 1
102 11 Car -1 -1 2.57 535 172 571 193 -1 -1 -1 -1000 -1000 -1000 -10 1
102 12 Car -1 -1 2.57 434 177 514 216 -1 -1 -1 -1000 -1000 -1000 -10 1
102 13 Car -1 -1 2.57 688 166 765 200 -1 -1 -1 -1000 -1000 -1000 -10 1
103 4 Car -1 -1 2.57 833 185 1242 371 -1 -1 -1 -1000 -1000 -1000 -10 1
103 6 Car -1 -1 2.57 404 173 477 214 -1 -1 -1 -1000 -1000 -1000 -10 1
103 7 Car -1 -1 2.57 210 180 302 211 -1 -1 -1 -1000 -1000 -1000 -10 1
103 8 Car -1 -1 2.57 866 168 955 199 -1 -1 -1 -1000 -1000 -1000 -10 1
103 10 Car -1 -1 2.57 470 169 556 203 -1 -1 -1 -1000 -1000 -1000 -10 1
103 11 Car -1 -1 2.57 569 174 597 191 -1 -1 -1 -1000 -1000 -1000 -10 1
103 12 Car -1 -1 2.57 439 177 521 214 -1 -1 -1 -1000 -1000 -1000 -10 1
103 13 Car -1 -1 2.57 672 167 746 200 -1 -1 -1 -1000 -1000 -1000 -10 1
104 4 Car -1 -1 2.57 832 186 1241 374 -1 -1 -1 -1000 -1000 -1000 -10 1
104 6 Car -1 -1 2.57 377 176 477 218 -1 -1 -1 -1000 -1000 -1000 -10 1
104 7 Car -1 -1 2.57 211 180 300 211 -1 -1 -1 -1000 -1000 -1000 -10 1
104 8 Car -1 -1 2.57 869 167 942 198 -1 -1 -1 -1000 -1000 -1000 -10 1
104 10 Car -1 -1 2.57 495 172 554 204 -1 -1 -1 -1000 -1000 -1000 -10 1
104 11 Car -1 -1 2.57 657 167 742 198 -1 -1 -1 -1000 -1000 -1000 -10 1
104 12 Car -1 -1 2.57 440 177 522 214 -1 -1 -1 -1000 -1000 -1000 -10 1
104 13 Car -1 -1 2.57 671 167 745 200 -1 -1 -1 -1000 -1000 -1000 -10 1
105 4 Car -1 -1 2.57 863 187 1224 374 -1 -1 -1 -1000 -1000 -1000 -10 1
105 6 Car -1 -1 2.57 358 179 470 222 -1 -1 -1 -1000 -1000 -1000 -10 1
105 7 Car -1 -1 2.57 217 179 304 213 -1 -1 -1 -1000 -1000 -1000 -10 1
105 8 Car -1 -1 2.57 857 168 939 198 -1 -1 -1 -1000 -1000 -1000 -10 1
105 10 Car -1 -1 2.57 567 173 597 196 -1 -1 -1 -1000 -1000 -1000 -10 1
105 11 Car -1 -1 2.57 666 166 751 197 -1 -1 -1 -1000 -1000 -1000 -10 1
105 12 Car -1 -1 2.57 501 177 575 205 -1 -1 -1 -1000 -1000 -1000 -10 1
105 13 Car -1 -1 2.57 651 168 734 201 -1 -1 -1 -1000 -1000 -1000 -10 1
106 4 Car -1 -1 2.57 910 189 1240 374 -1 -1 -1 -1000 -1000 -1000 -10 1
106 6 Car -1 -1 2.57 325 179 450 226 -1 -1 -1 -1000 -1000 -1000 -10 1
106 7 Car -1 -1 2.57 214 179 306 214 -1 -1 -1 -1000 -1000 -1000 -10 1
106 8 Car -1 -1 2.57 848 167 928 199 -1 -1 -1 -1000 -1000 -1000 -10 1
106 10 Car -1 -1 2.57 537 170 682 201 -1 -1 -1 -1000 -1000 -1000 -10 1
106 11 Car -1 -1 2.57 637 167 723 200 -1 -1 -1 -1000 -1000 -1000 -10 1
106 12 Car -1 -1 2.57 512 174 588 203 -1 -1 -1 -1000 -1000 -1000 -10 1
106 13 Car -1 -1 2.57 566 174 603 193 -1 -1 -1 -1000 -1000 -1000 -10 1
107 4 Car -1 -1 2.57 885 184 1241 376 -1 -1 -1 -1000 -1000 -1000 -10 1
107 6 Car -1 -1 2.57 301 178 433 231 -1 -1 -1 -1000 -1000 -1000 -10 1
107 7 Car -1 -1 2.57 218 177 306 215 -1 -1 -1 -1000 -1000 -1000 -10 1
107 8 Car -1 -1 2.57 887 169 928 197 -1 -1 -1 -1000 -1000 -1000 -10 1
107 10 Car -1 -1 2.57 627 168 709 202 -1 -1 -1 -1000 -1000 -1000 -10 1
107 11 Car -1 -1 2.57 833 166 914 197 -1 -1 -1 -1000 -1000 -1000 -10 1
107 12 Car -1 -1 2.57 520 172 592 203 -1 -1 -1 -1000 -1000 -1000 -10 1
107 13 Car -1 -1 2.57 557 175 594 194 -1 -1 -1 -1000 -1000 -1000 -10 1
108 4 Car -1 -1 2.57 913 185 1241 375 -1 -1 -1 -1000 -1000 -1000 -10 1
108 6 Car -1 -1 2.57 266 178 422 232 -1 -1 -1 -1000 -1000 -1000 -10 1
108 7 Car -1 -1 2.57 215 175 310 214 -1 -1 -1 -1000 -1000 -1000 -10 1
108 8 Car -1 -1 2.57 834 167 920 198 -1 -1 -1 -1000 -1000 -1000 -10 1
108 10 Car -1 -1 2.57 534 173 601 203 -1 -1 -1 -1000 -1000 -1000 -10 1
108 11 Car -1 -1 2.57 852 164 933 195 -1 -1 -1 -1000 -1000 -1000 -10 1
108 12 Car -1 -1 2.57 610 168 691 203 -1 -1 -1 -1000 -1000 -1000 -10 1
109 4 Car -1 -1 2.57 933 190 1235 373 -1 -1 -1 -1000 -1000 -1000 -10 1
109 6 Car -1 -1 2.57 223 180 392 241 -1 -1 -1 -1000 -1000 -1000 -10 1
109 7 Car -1 -1 2.57 213 175 308 214 -1 -1 -1 -1000 -1000 -1000 -10 1
109 8 Car -1 -1 2.57 827 167 907 199 -1 -1 -1 -1000 -1000 -1000 -10 1
109 10 Car -1 -1 2.57 591 169 680 205 -1 -1 -1 -1000 -1000 -1000 -10 1
109 11 Car -1 -1 2.57 872 162 953 193 -1 -1 -1 -1000 -1000 -1000 -10 1
109 12 Car -1 -1 2.57 551 170 616 203 -1 -1 -1 -1000 -1000 -1000 -10 1
110 4 Car -1 -1 2.57 950 188 1232 375 -1 -1 -1 -1000 -1000 -1000 -10 1
110 6 Car -1 -1 2.57 190 180 357 247 -1 -1 -1 -1000 -1000 -1000 -10 1
110 7 Car -1 -1 2.57 211 175 306 214 -1 -1 -1 -1000 -1000 -1000 -10 1
110 8 Car -1 -1 2.57 812 169 903 199 -1 -1 -1 -1000 -1000 -1000 -10 1
110 10 Car -1 -1 2.57 557 171 615 205 -1 -1 -1 -1000 -1000 -1000 -10 1
110 11 Car -1 -1 2.57 891 161 972 192 -1 -1 -1 -1000 -1000 -1000 -10 1
110 12 Car -1 -1 2.57 586 168 663 205 -1 -1 -1 -1000 -1000 -1000 -10 1
111 4 Car -1 -1 2.57 958 181 1239 370 -1 -1 -1 -1000 -1000 -1000 -10 1
111 6 Car -1 -1 2.57 153 178 339 254 -1 -1 -1 -1000 -1000 -1000 -10 1
111 7 Car -1 -1 2.57 286 174 341 213 -1 -1 -1 -1000 -1000 -1000 -10 1
111 8 Car -1 -1 2.57 801 168 902 200 -1 -1 -1 -1000 -1000 -1000 -10 1
111 10 Car -1 -1 2.57 563 170 621 204 -1 -1 -1 -1000 -1000 -1000 -10 1
111 11 Car -1 -1 2.57 1080 155 1167 196 -1 -1 -1 -1000 -1000 -1000 -10 1
111 12 Car -1 -1 2.57 569 169 654 207 -1 -1 -1 -1000 -1000 -1000 -10 1
112 4 Car -1 -1 2.57 975 180 1238 370 -1 -1 -1 -1000 -1000 -1000 -10 1
112 6 Car -1 -1 2.57 120 181 308 257 -1 -1 -1 -1000 -1000 -1000 -10 1
112 7 Car -1 -1 2.57 252 176 336 213 -1 -1 -1 -1000 -1000 -1000 -10 1
112 8 Car -1 -1 2.57 792 170 891 201 -1 -1 -1 -1000 -1000 -1000 -10 1
112 10 Car -1 -1 2.57 822 171 856 197 -1 -1 -1 -1000 -1000 -1000 -10 1
112 11 Car -1 -1 2.57 1110 152 1197 193 -1 -1 -1 -1000 -1000 -1000 -10 1
112 12 Car -1 -1 2.57 559 169 646 207 -1 -1 -1 -1000 -1000 -1000 -10 1
113 4 Car -1 -1 2.57 988 181 1241 364 -1 -1 -1 -1000 -1000 -1000 -10 1
113 6 Car -1 -1 2.57 51 183 270 272 -1 -1 -1 -1000 -1000 -1000 -10 1
113 7 Car -1 -1 2.57 314 181 358 210 -1 -1 -1 -1000 -1000 -1000 -10 1
113 8 Car -1 -1 2.57 786 169 878 201 -1 -1 -1 -1000 -1000 -1000 -10 1
113 10 Car -1 -1 2.57 844 169 878 195 -1 -1 -1 -1000 -1000 -1000 -10 1
113 11 Car -1 -1 2.57 1140 150 1227 191 -1 -1 -1 -1000 -1000 -1000 -10 1
113 12 Car -1 -1 2.57 536 170 632 207 -1 -1 -1 -1000 -1000 -1000 -10 1
113 14 Car -1 -1 2.57 248 178 349 215 -1 -1 -1 -1000 -1000 -1000 -10 1
114 4 Car -1 -1 2.57 1012 184 1240 366 -1 -1 -1 -1000 -1000 -1000 -10 1
114 6 Car -1 -1 2.57 0 181 234 286 -1 -1 -1 -1000 -1000 -1000 -10 1
114 7 Car -1 -1 2.57 317 180 361 209 -1 -1 -1 -1000 -1000 -1000 -10 1
114 8 Car -1 -1 2.57 777 170 865 202 -1 -1 -1 -1000 -1000 -1000 -10 1
114 10 Car -1 -1 2.57 527 168 622 210 -1 -1 -1 -1000 -1000 -1000 -10 1
114 12 Car -1 -1 2.57 588 174 655 202 -1 -1 -1 -1000 -1000 -1000 -10 1
114 14 Car -1 -1 2.57 255 176 362 216 -1 -1 -1 -1000 -1000 -1000 -10 1
115 4 Car -1 -1 2.57 1040 183 1229 373 -1 -1 -1 -1000 -1000 -1000 -10 1
115 6 Car -1 -1 2.57 0 180 189 292 -1 -1 -1 -1000 -1000 -1000 -10 1
115 7 Car -1 -1 2.57 319 180 363 209 -1 -1 -1 -1000 -1000 -1000 -10 1
115 8 Car -1 -1 2.57 753 171 860 202 -1 -1 -1 -1000 -1000 -1000 -10 1
115 10 Car -1 -1 2.57 507 167 607 213 -1 -1 -1 -1000 -1000 -1000 -10 1
115 12 Car -1 -1 2.57 602 172 663 201 -1 -1 -1 -1000 -1000 -1000 -10 1
115 14 Car -1 -1 2.57 264 178 378 212 -1 -1 -1 -1000 -1000 -1000 -10 1
116 4 Car -1 -1 2.57 1050 190 1237 368 -1 -1 -1 -1000 -1000 -1000 -10 1
116 6 Car -1 -1 2.57 5 155 134 304 -1 -1 -1 -1000 -1000 -1000 -10 1
116 7 Car -1 -1 2.57 610 172 674 201 -1 -1 -1 -1000 -1000 -1000 -10 1
116 8 Car -1 -1 2.57 747 169 849 202 -1 -1 -1 -1000 -1000 -1000 -10 1
116 10 Car -1 -1 2.57 493 170 601 213 -1 -1 -1 -1000 -1000 -1000 -10 1
116 12 Car -1 -1 2.57 615 175 635 199 -1 -1 -1 -1000 -1000 -1000 -10 1
116 14 Car -1 -1 2.57 280 179 374 214 -1 -1 -1 -1000 -1000 -1000 -10 1
116 15 Car -1 -1 2.57 1025 164 1090 199 -1 -1 -1 -1000 -1000 -1000 -10 1
117 4 Car -1 -1 2.57 1059 191 1246 369 -1 -1 -1 -1000 -1000 -1000 -10 1
117 6 Car -1 -1 2.57 -24 157 104 306 -1 -1 -1 -1000 -1000 -1000 -10 1
117 7 Car -1 -1 2.57 622 167 676 199 -1 -1 -1 -1000 -1000 -1000 -10 1
117 8 Car -1 -1 2.57 739 167 835 202 -1 -1 -1 -1000 -1000 -1000 -10 1
117 10 Car -1 -1 2.57 492 171 600 214 -1 -1 -1 -1000 -1000 -1000 -10 1
117 12 Car -1 -1 2.57 487 170 590 215 -1 -1 -1 -1000 -1000 -1000 -10 1
117 14 Car -1 -1 2.57 284 178 388 214 -1 -1 -1 -1000 -1000 -1000 -10 1
117 15 Car -1 -1 2.57 1018 157 1102 203 -1 -1 -1 -1000 -1000 -1000 -10 1
118 7 Car -1 -1 2.57 565 173 590 193 -1 -1 -1 -1000 -1000 -1000 -10 1
118 8 Car -1 -1 2.57 725 168 828 202 -1 -1 -1 -1000 -1000 -1000 -10 1
118 10 Car -1 -1 2.57 628 168 684 200 -1 -1 -1 -1000 -1000 -1000 -10 1
118 12 Car -1 -1 2.57 462 170 567 218 -1 -1 -1 -1000 -1000 -1000 -10 1
118 14 Car -1 -1 2.57 297 177 405 217 -1 -1 -1 -1000 -1000 -1000 -10 1
118 15 Car -1 -1 2.57 1012 157 1107 203 -1 -1 -1 -1000 -1000 -1000 -10 1
119 7 Car -1 -1 2.57 567 172 594 192 -1 -1 -1 -1000 -1000 -1000 -10 1
119 8 Car -1 -1 2.57 718 168 818 203 -1 -1 -1 -1000 -1000 -1000 -10 1
119 10 Car -1 -1 2.57 637 172 689 198 -1 -1 -1 -1000 -1000 -1000 -10 1
119 12 Car -1 -1 2.57 433 169 551 221 -1 -1 -1 -1000 -1000 -1000 -10 1
119 14 Car -1 -1 2.57 301 176 400 214 -1 -1 -1 -1000 -1000 -1000 -10 1
119 15 Car -1 -1 2.57 992 159 1089 200 -1 -1 -1 -1000 -1000 -1000 -10 1
120 7 Car -1 -1 2.57 535 173 569 191 -1 -1 -1 -1000 -1000 -1000 -10 1
120 8 Car -1 -1 2.57 702 170 808 207 -1 -1 -1 -1000 -1000 -1000 -10 1
120 10 Car -1 -1 2.57 647 171 697 199 -1 -1 -1 -1000 -1000 -1000 -10 1
120 12 Car -1 -1 2.57 564 177 590 198 -1 -1 -1 -1000 -1000 -1000 -10 1
120 14 Car -1 -1 2.57 312 173 398 213 -1 -1 -1 -1000 -1000 -1000 -10 1
120 15 Car -1 -1 2.57 972 160 1072 201 -1 -1 -1 -1000 -1000 -1000 -10 1
120 16 Car -1 -1 2.57 431 171 538 220 -1 -1 -1 -1000 -1000 -1000 -10 1
121 7 Car -1 -1 2.57 562 172 590 192 -1 -1 -1 -1000 -1000 -1000 -10 1
121 8 Car -1 -1 2.57 698 173 786 204 -1 -1 -1 -1000 -1000 -1000 -10 1
121 10 Car -1 -1 2.57 651 172 700 199 -1 -1 -1 -1000 -1000 -1000 -10 1
121 12 Car -1 -1 2.57 525 175 556 197 -1 -1 -1 -1000 -1000 -1000 -10 1
121 14 Car -1 -1 2.57 318 174 397 213 -1 -1 -1 -1000 -1000 -1000 -10 1
121 15 Car -1 -1 2.57 962 161 1058 199 -1 -1 -1 -1000 -1000 -1000 -10 1
121 16 Car -1 -1 2.57 404 170 527 222 -1 -1 -1 -1000 -1000 -1000 -10 1
122 7 Car -1 -1 2.57 521 173 570 193 -1 -1 -1 -1000 -1000 -1000 -10 1
122 8 Car -1 -1 2.57 659 177 691 198 -1 -1 -1 -1000 -1000 -1000 -10 1
122 10 Car -1 -1 2.57 668 170 710 204 -1 -1 -1 -1000 -1000 -1000 -10 1
122 12 Car -1 -1 2.57 385 167 499 225 -1 -1 -1 -1000 -1000 -1000 -10 1
122 14 Car -1 -1 2.57 332 176 393 210 -1 -1 -1 -1000 -1000 -1000 -10 1
122 15 Car -1 -1 2.57 949 152 1059 205 -1 -1 -1 -1000 -1000 -1000 -10 1
122 16 Car -1 -1 2.57 562 177 590 197 -1 -1 -1 -1000 -1000 -1000 -10 1
122 17 Car -1 -1 2.57 679 171 778 205 -1 -1 -1 -1000 -1000 -1000 -10 1
123 7 Car -1 -1 2.57 521 173 567 194 -1 -1 -1 -1000 -1000 -1000 -10 1
123 8 Car -1 -1 2.57 664 174 703 204 -1 -1 -1 -1000 -1000 -1000 -10 1
123 10 Car -1 -1 2.57 675 170 717 204 -1 -1 -1 -1000 -1000 -1000 -10 1
123 12 Car -1 -1 2.57 394 169 496 224 -1 -1 -1 -1000 -1000 -1000 -10 1
123 14 Car -1 -1 2.57 339 174 447 218 -1 -1 -1 -1000 -1000 -1000 -10 1
123 15 Car -1 -1 2.57 936 158 1029 198 -1 -1 -1 -1000 -1000 -1000 -10 1
123 16 Car -1 -1 2.57 564 173 591 194 -1 -1 -1 -1000 -1000 -1000 -10 1
123 17 Car -1 -1 2.57 673 171 766 204 -1 -1 -1 -1000 -1000 -1000 -10 1
124 7 Car -1 -1 2.57 561 172 597 193 -1 -1 -1 -1000 -1000 -1000 -10 1
124 8 Car -1 -1 2.57 653 175 692 205 -1 -1 -1 -1000 -1000 -1000 -10 1
124 12 Car -1 -1 2.57 359 170 465 235 -1 -1 -1 -1000 -1000 -1000 -10 1
124 14 Car -1 -1 2.57 344 173 452 217 -1 -1 -1 -1000 -1000 -1000 -10 1
124 15 Car -1 -1 2.57 931 160 1022 200 -1 -1 -1 -1000 -1000 -1000 -10 1
124 16 Car -1 -1 2.57 522 173 553 195 -1 -1 -1 -1000 -1000 -1000 -10 1
124 17 Car -1 -1 2.57 652 168 756 207 -1 -1 -1 -1000 -1000 -1000 -10 1
125 7 Car -1 -1 2.57 521 172 554 196 -1 -1 -1 -1000 -1000 -1000 -10 1
125 8 Car -1 -1 2.57 636 171 742 207 -1 -1 -1 -1000 -1000 -1000 -10 1
125 12 Car -1 -1 2.57 315 175 431 236 -1 -1 -1 -1000 -1000 -1000 -10 1
125 14 Car -1 -1 2.57 349 173 457 217 -1 -1 -1 -1000 -1000 -1000 -10 1
125 15 Car -1 -1 2.57 913 154 1008 201 -1 -1 -1 -1000 -1000 -1000 -10 1
125 16 Car -1 -1 2.57 564 172 589 193 -1 -1 -1 -1000 -1000 -1000 -10 1
125 17 Car -1 -1 2.57 650 168 754 207 -1 -1 -1 -1000 -1000 -1000 -10 1
126 7 Car -1 -1 2.57 564 172 590 193 -1 -1 -1 -1000 -1000 -1000 -10 1
126 8 Car -1 -1 2.57 627 171 733 207 -1 -1 -1 -1000 -1000 -1000 -10 1
126 12 Car -1 -1 2.57 282 175 435 240 -1 -1 -1 -1000 -1000 -1000 -10 1
126 14 Car -1 -1 2.57 354 173 462 217 -1 -1 -1 -1000 -1000 -1000 -10 1
126 15 Car -1 -1 2.57 902 158 1000 200 -1 -1 -1 -1000 -1000 -1000 -10 1
126 16 Car -1 -1 2.57 569 172 594 193 -1 -1 -1 -1000 -1000 -1000 -10 1
126 17 Car -1 -1 2.57 627 169 726 209 -1 -1 -1 -1000 -1000 -1000 -10 1
127 7 Car -1 -1 2.57 573 172 599 193 -1 -1 -1 -1000 -1000 -1000 -10 1
127 8 Car -1 -1 2.57 613 171 717 210 -1 -1 -1 -1000 -1000 -1000 -10 1
127 12 Car -1 -1 2.57 252 172 405 249 -1 -1 -1 -1000 -1000 -1000 -10 1
127 14 Car -1 -1 2.57 385 177 466 211 -1 -1 -1 -1000 -1000 -1000 -10 1
127 15 Car -1 -1 2.57 881 163 974 200 -1 -1 -1 -1000 -1000 -1000 -10 1
127 16 Car -1 -1 2.57 522 173 570 194 -1 -1 -1 -1000 -1000 -1000 -10 1
127 17 Car -1 -1 2.57 564 176 591 196 -1 -1 -1 -1000 -1000 -1000 -10 1
127 18 Car -1 -1 2.57 942 149 986 204 -1 -1 -1 -1000 -1000 -1000 -10 1
128 7 Car -1 -1 2.57 574 171 637 209 -1 -1 -1 -1000 -1000 -1000 -10 1
128 8 Car -1 -1 2.57 689 173 720 199 -1 -1 -1 -1000 -1000 -1000 -10 1
128 12 Car -1 -1 2.57 231 174 400 251 -1 -1 -1 -1000 -1000 -1000 -10 1
128 14 Car -1 -1 2.57 390 175 460 212 -1 -1 -1 -1000 -1000 -1000 -10 1
128 15 Car -1 -1 2.57 879 161 969 201 -1 -1 -1 -1000 -1000 -1000 -10 1
128 16 Car -1 -1 2.57 518 172 552 194 -1 -1 -1 -1000 -1000 -1000 -10 1
128 17 Car -1 -1 2.57 561 174 589 194 -1 -1 -1 -1000 -1000 -1000 -10 1
128 18 Car -1 -1 2.57 942 149 986 204 -1 -1 -1 -1000 -1000 -1000 -10 1
129 7 Car -1 -1 2.57 581 172 681 209 -1 -1 -1 -1000 -1000 -1000 -10 1
129 8 Car -1 -1 2.57 691 174 719 196 -1 -1 -1 -1000 -1000 -1000 -10 1
129 12 Car -1 -1 2.57 183 175 385 255 -1 -1 -1 -1000 -1000 -1000 -10 1
129 14 Car -1 -1 2.57 522 177 550 198 -1 -1 -1 -1000 -1000 -1000 -10 1
129 15 Car -1 -1 2.57 866 159 959 204 -1 -1 -1 -1000 -1000 -1000 -10 1
129 16 Car -1 -1 2.57 561 172 592 192 -1 -1 -1 -1000 -1000 -1000 -10 1
129 17 Car -1 -1 2.57 392 173 467 208 -1 -1 -1 -1000 -1000 -1000 -10 1
129 18 Car -1 -1 2.57 942 149 986 204 -1 -1 -1 -1000 -1000 -1000 -10 1
130 7 Car -1 -1 2.57 600 177 747 210 -1 -1 -1 -1000 -1000 -1000 -10 1
130 8 Car -1 -1 2.57 558 170 664 212 -1 -1 -1 -1000 -1000 -1000 -10 1
130 12 Car -1 -1 2.57 126 174 355 265 -1 -1 -1 -1000 -1000 -1000 -10 1
130 14 Car -1 -1 2.57 523 173 553 195 -1 -1 -1 -1000 -1000 -1000 -10 1
130 15 Car -1 -1 2.57 851 162 948 203 -1 -1 -1 -1000 -1000 -1000 -10 1
130 16 Car -1 -1 2.57 692 170 719 195 -1 -1 -1 -1000 -1000 -1000 -10 1
130 17 Car -1 -1 2.57 407 176 467 211 -1 -1 -1 -1000 -1000 -1000 -10 1
130 18 Car -1 -1 2.57 628 169 679 206 -1 -1 -1 -1000 -1000 -1000 -10 1
131 7 Car -1 -1 2.57 696 176 722 198 -1 -1 -1 -1000 -1000 -1000 -10 1
131 8 Car -1 -1 2.57 546 171 652 213 -1 -1 -1 -1000 -1000 -1000 -10 1
131 12 Car -1 -1 2.57 91 175 324 273 -1 -1 -1 -1000 -1000 -1000 -10 1
131 14 Car -1 -1 2.57 519 173 549 197 -1 -1 -1 -1000 -1000 -1000 -10 1
131 15 Car -1 -1 2.57 843 159 931 201 -1 -1 -1 -1000 -1000 -1000 -10 1
131 16 Car -1 -1 2.57 829 170 885 199 -1 -1 -1 -1000 -1000 -1000 -10 1
131 17 Car -1 -1 2.57 412 177 464 212 -1 -1 -1 -1000 -1000 -1000 -10 1
131 18 Car -1 -1 2.57 546 169 659 214 -1 -1 -1 -1000 -1000 -1000 -10 1
132 7 Car -1 -1 2.57 701 172 725 195 -1 -1 -1 -1000 -1000 -1000 -10 1
132 12 Car -1 -1 2.57 49 175 300 282 -1 -1 -1 -1000 -1000 -1000 -10 1
132 14 Car -1 -1 2.57 528 173 573 209 -1 -1 -1 -1000 -1000 -1000 -10 1
132 15 Car -1 -1 2.57 835 160 923 202 -1 -1 -1 -1000 -1000 -1000 -10 1
132 16 Car -1 -1 2.57 826 162 911 202 -1 -1 -1 -1000 -1000 -1000 -10 1
132 17 Car -1 -1 2.57 402 177 469 213 -1 -1 -1 -1000 -1000 -1000 -10 1
132 18 Car -1 -1 2.57 542 172 642 216 -1 -1 -1 -1000 -1000 -1000 -10 1
133 7 Car -1 -1 2.57 703 173 727 195 -1 -1 -1 -1000 -1000 -1000 -10 1
133 12 Car -1 -1 2.57 14 173 253 298 -1 -1 -1 -1000 -1000 -1000 -10 1
133 14 Car -1 -1 2.57 409 177 472 210 -1 -1 -1 -1000 -1000 -1000 -10 1
133 15 Car -1 -1 2.57 806 161 902 201 -1 -1 -1 -1000 -1000 -1000 -10 1
133 16 Car -1 -1 2.57 847 160 932 200 -1 -1 -1 -1000 -1000 -1000 -10 1
133 17 Car -1 -1 2.57 510 176 558 215 -1 -1 -1 -1000 -1000 -1000 -10 1
133 18 Car -1 -1 2.57 525 173 624 217 -1 -1 -1 -1000 -1000 -1000 -10 1
134 7 Car -1 -1 2.57 701 171 725 196 -1 -1 -1 -1000 -1000 -1000 -10 1
134 12 Car -1 -1 2.57 0 172 222 306 -1 -1 -1 -1000 -1000 -1000 -10 1
134 14 Car -1 -1 2.57 411 176 470 211 -1 -1 -1 -1000 -1000 -1000 -10 1
134 15 Car -1 -1 2.57 798 161 892 202 -1 -1 -1 -1000 -1000 -1000 -10 1
134 16 Car -1 -1 2.57 869 158 954 198 -1 -1 -1 -1000 -1000 -1000 -10 1
134 17 Car -1 -1 2.57 508 172 612 216 -1 -1 -1 -1000 -1000 -1000 -10 1
134 18 Car -1 -1 2.57 496 182 538 214 -1 -1 -1 -1000 -1000 -1000 -10 1
135 7 Car -1 -1 2.57 700 172 727 194 -1 -1 -1 -1000 -1000 -1000 -10 1
135 12 Car -1 -1 2.57 0 169 171 313 -1 -1 -1 -1000 -1000 -1000 -10 1
135 14 Car -1 -1 2.57 413 176 459 211 -1 -1 -1 -1000 -1000 -1000 -10 1
135 15 Car -1 -1 2.57 780 161 879 202 -1 -1 -1 -1000 -1000 -1000 -10 1
135 16 Car -1 -1 2.57 890 157 975 197 -1 -1 -1 -1000 -1000 -1000 -10 1
135 17 Car -1 -1 2.57 485 172 597 221 -1 -1 -1 -1000 -1000 -1000 -10 1
135 18 Car -1 -1 2.57 479 181 521 216 -1 -1 -1 -1000 -1000 -1000 -10 1
136 7 Car -1 -1 2.57 763 162 865 202 -1 -1 -1 -1000 -1000 -1000 -10 1
136 12 Car -1 -1 2.57 0 166 108 333 -1 -1 -1 -1000 -1000 -1000 -10 1
136 14 Car -1 -1 2.57 416 177 455 209 -1 -1 -1 -1000 -1000 -1000 -10 1
136 15 Car -1 -1 2.57 770 162 869 203 -1 -1 -1 -1000 -1000 -1000 -10 1
136 16 Car -1 -1 2.57 702 171 732 195 -1 -1 -1 -1000 -1000 -1000 -10 1
136 17 Car -1 -1 2.57 479 172 591 221 -1 -1 -1 -1000 -1000 -1000 -10 1
136 18 Car -1 -1 2.57 461 173 593 223 -1 -1 -1 -1000 -1000 -1000 -10 1
137 7 Car -1 -1 2.57 755 164 846 203 -1 -1 -1 -1000 -1000 -1000 -10 1
137 12 Car -1 -1 2.57 -20 169 87 336 -1 -1 -1 -1000 -1000 -1000 -10 1
137 14 Car -1 -1 2.57 416 176 451 211 -1 -1 -1 -1000 -1000 -1000 -10 1
137 15 Car -1 -1 2.57 708 174 735 196 -1 -1 -1 -1000 -1000 -1000 -10 1
137 16 Car -1 -1 2.57 567 175 595 195 -1 -1 -1 -1000 -1000 -1000 -10 1
137 17 Car -1 -1 2.57 439 184 500 219 -1 -1 -1 -1000 -1000 -1000 -10 1
137 18 Car -1 -1 2.57 445 175 571 224 -1 -1 -1 -1000 -1000 -1000 -10 1
138 7 Car -1 -1 2.57 748 163 833 205 -1 -1 -1 -1000 -1000 -1000 -10 1
138 12 Car -1 -1 2.57 -41 173 66 340 -1 -1 -1 -1000 -1000 -1000 -10 1
138 14 Car -1 -1 2.57 560 176 594 197 -1 -1 -1 -1000 -1000 -1000 -10 1
138 15 Car -1 -1 2.57 705 173 729 197 -1 -1 -1 -1000 -1000 -1000 -10 1
138 16 Car -1 -1 2.57 638 169 676 188 -1 -1 -1 -1000 -1000 -1000 -10 1
138 17 Car -1 -1 2.57 494 178 559 219 -1 -1 -1 -1000 -1000 -1000 -10 1
138 18 Car -1 -1 2.57 412 174 551 228 -1 -1 -1 -1000 -1000 -1000 -10 1
138 19 Car -1 -1 2.57 410 179 453 213 -1 -1 -1 -1000 -1000 -1000 -10 1
139 7 Car -1 -1 2.57 730 161 813 209 -1 -1 -1 -1000 -1000 -1000 -10 1
139 14 Car -1 -1 2.57 534 177 570 195 -1 -1 -1 -1000 -1000 -1000 -10 1
139 15 Car -1 -1 2.57 691 174 715 198 -1 -1 -1 -1000 -1000 -1000 -10 1
139 16 Car -1 -1 2.57 563 173 590 194 -1 -1 -1 -1000 -1000 -1000 -10 1
139 17 Car -1 -1 2.57 485 178 549 219 -1 -1 -1 -1000 -1000 -1000 -10 1
139 18 Car -1 -1 2.57 398 173 539 228 -1 -1 -1 -1000 -1000 -1000 -10 1
139 19 Car -1 -1 2.57 404 177 454 222 -1 -1 -1 -1000 -1000 -1000 -10 1
140 7 Car -1 -1 2.57 714 165 801 206 -1 -1 -1 -1000 -1000 -1000 -10 1
140 14 Car -1 -1 2.57 561 175 589 195 -1 -1 -1 -1000 -1000 -1000 -10 1
140 16 Car -1 -1 2.57 536 177 566 194 -1 -1 -1 -1000 -1000 -1000 -10 1
140 17 Car -1 -1 2.57 348 174 441 232 -1 -1 -1 -1000 -1000 -1000 -10 1
140 18 Car -1 -1 2.57 389 176 528 229 -1 -1 -1 -1000 -1000 -1000 -10 1
140 19 Car -1 -1 2.57 404 177 454 222 -1 -1 -1 -1000 -1000 -1000 -10 1
141 7 Car -1 -1 2.57 695 165 789 208 -1 -1 -1 -1000 -1000 -1000 -10 1
141 14 Car -1 -1 2.57 518 176 548 198 -1 -1 -1 -1000 -1000 -1000 -10 1
141 16 Car -1 -1 2.57 562 176 590 195 -1 -1 -1 -1000 -1000 -1000 -10 1
141 17 Car -1 -1 2.57 334 176 427 234 -1 -1 -1 -1000 -1000 -1000 -10 1
141 18 Car -1 -1 2.57 534 182 566 202 -1 -1 -1 -1000 -1000 -1000 -10 1
141 19 Car -1 -1 2.57 369 173 515 232 -1 -1 -1 -1000 -1000 -1000 -10 1
142 7 Car -1 -1 2.57 680 163 779 209 -1 -1 -1 -1000 -1000 -1000 -10 1
142 14 Car -1 -1 2.57 511 177 550 197 -1 -1 -1 -1000 -1000 -1000 -10 1
142 16 Car -1 -1 2.57 560 177 588 196 -1 -1 -1 -1000 -1000 -1000 -10 1
142 17 Car -1 -1 2.57 356 178 504 234 -1 -1 -1 -1000 -1000 -1000 -10 1
142 18 Car -1 -1 2.57 561 178 591 198 -1 -1 -1 -1000 -1000 -1000 -10 1
142 19 Car -1 -1 2.57 370 173 516 232 -1 -1 -1 -1000 -1000 -1000 -10 1
143 7 Car -1 -1 2.57 667 166 766 208 -1 -1 -1 -1000 -1000 -1000 -10 1
143 14 Car -1 -1 2.57 524 176 561 196 -1 -1 -1 -1000 -1000 -1000 -10 1
143 16 Car -1 -1 2.57 557 177 585 196 -1 -1 -1 -1000 -1000 -1000 -10 1
143 17 Car -1 -1 2.57 347 179 495 235 -1 -1 -1 -1000 -1000 -1000 -10 1
143 18 Car -1 -1 2.57 560 176 589 197 -1 -1 -1 -1000 -1000 -1000 -10 1
143 19 Car -1 -1 2.57 338 176 478 239 -1 -1 -1 -1000 -1000 -1000 -10 1
144 7 Car -1 -1 2.57 633 167 730 208 -1 -1 -1 -1000 -1000 -1000 -10 1
144 14 Car -1 -1 2.57 561 175 590 195 -1 -1 -1 -1000 -1000 -1000 -10 1
144 16 Car -1 -1 2.57 521 177 575 196 -1 -1 -1 -1000 -1000 -1000 -10 1
144 17 Car -1 -1 2.57 305 180 450 242 -1 -1 -1 -1000 -1000 -1000 -10 1
144 18 Car -1 -1 2.57 552 176 581 197 -1 -1 -1 -1000 -1000 -1000 -10 1
144 19 Car -1 -1 2.57 285 191 357 237 -1 -1 -1 -1000 -1000 -1000 -10 1
145 7 Car -1 -1 2.57 617 172 667 210 -1 -1 -1 -1000 -1000 -1000 -10 1
145 14 Car -1 -1 2.57 564 174 589 195 -1 -1 -1 -1000 -1000 -1000 -10 1
145 16 Car -1 -1 2.57 515 176 558 198 -1 -1 -1 -1000 -1000 -1000 -10 1
145 17 Car -1 -1 2.57 258 191 318 241 -1 -1 -1 -1000 -1000 -1000 -10 1
145 19 Car -1 -1 2.57 246 184 413 248 -1 -1 -1 -1000 -1000 -1000 -10 1
145 20 Car -1 -1 2.57 631 166 732 211 -1 -1 -1 -1000 -1000 -1000 -10 1
146 7 Car -1 -1 2.57 559 177 591 198 -1 -1 -1 -1000 -1000 -1000 -10 1
146 14 Car -1 -1 2.57 614 162 709 210 -1 -1 -1 -1000 -1000 -1000 -10 1
146 16 Car -1 -1 2.57 513 176 548 199 -1 -1 -1 -1000 -1000 -1000 -10 1
146 17 Car -1 -1 2.57 242 192 302 242 -1 -1 -1 -1000 -1000 -1000 -10 1
146 19 Car -1 -1 2.57 239 178 415 252 -1 -1 -1 -1000 -1000 -1000 -10 1
146 20 Car -1 -1 2.57 713 173 733 192 -1 -1 -1 -1000 -1000 -1000 -10 1
146 21 Car -1 -1 2.57 383 177 429 208 -1 -1 -1 -1000 -1000 -1000 -10 1
147 7 Car -1 -1 2.57 606 165 695 213 -1 -1 -1 -1000 -1000 -1000 -10 1
147 14 Car -1 -1 2.57 710 173 736 197 -1 -1 -1 -1000 -1000 -1000 -10 1
147 16 Car -1 -1 2.57 584 174 645 210 -1 -1 -1 -1000 -1000 -1000 -10 1
147 17 Car -1 -1 2.57 225 194 285 244 -1 -1 -1 -1000 -1000 -1000 -10 1
147 19 Car -1 -1 2.57 202 184 390 249 -1 -1 -1 -1000 -1000 -1000 -10 1
147 20 Car -1 -1 2.57 562 175 591 196 -1 -1 -1 -1000 -1000 -1000 -10 1
147 21 Car -1 -1 2.57 379 178 416 207 -1 -1 -1 -1000 -1000 -1000 -10 1
148 7 Car -1 -1 2.57 576 168 678 214 -1 -1 -1 -1000 -1000 -1000 -10 1
148 14 Car -1 -1 2.57 726 171 752 195 -1 -1 -1 -1000 -1000 -1000 -10 1
148 16 Car -1 -1 2.57 512 178 567 200 -1 -1 -1 -1000 -1000 -1000 -10 1
148 17 Car -1 -1 2.57 179 183 374 255 -1 -1 -1 -1000 -1000 -1000 -10 1
148 19 Car -1 -1 2.57 150 190 256 255 -1 -1 -1 -1000 -1000 -1000 -10 1
148 20 Car -1 -1 2.57 555 175 584 196 -1 -1 -1 -1000 -1000 -1000 -10 1
148 21 Car -1 -1 2.57 354 178 412 210 -1 -1 -1 -1000 -1000 -1000 -10 1
149 7 Car -1 -1 2.57 559 169 665 215 -1 -1 -1 -1000 -1000 -1000 -10 1
149 14 Car -1 -1 2.57 742 170 768 194 -1 -1 -1 -1000 -1000 -1000 -10 1
149 16 Car -1 -1 2.57 516 178 548 200 -1 -1 -1 -1000 -1000 -1000 -10 1
149 17 Car -1 -1 2.57 103 189 219 259 -1 -1 -1 -1000 -1000 -1000 -10 1
149 19 Car -1 -1 2.57 132 186 372 259 -1 -1 -1 -1000 -1000 -1000 -10 1
149 20 Car -1 -1 2.57 712 173 734 190 -1 -1 -1 -1000 -1000 -1000 -10 1
149 21 Car -1 -1 2.57 533 179 558 196 -1 -1 -1 -1000 -1000 -1000 -10 1
150 7 Car -1 -1 2.57 539 168 646 213 -1 -1 -1 -1000 -1000 -1000 -10 1
150 16 Car -1 -1 2.57 512 178 544 200 -1 -1 -1 -1000 -1000 -1000 -10 1
150 17 Car -1 -1 2.57 81 192 197 262 -1 -1 -1 -1000 -1000 -1000 -10 1
150 19 Car -1 -1 2.57 65 185 343 268 -1 -1 -1 -1000 -1000 -1000 -10 1
150 20 Car -1 -1 2.57 715 172 737 189 -1 -1 -1 -1000 -1000 -1000 -10 1
150 21 Car -1 -1 2.57 515 177 545 198 -1 -1 -1 -1000 -1000 -1000 -10 1
151 7 Car -1 -1 2.57 510 172 563 218 -1 -1 -1 -1000 -1000 -1000 -10 1
151 16 Car -1 -1 2.57 324 176 383 220 -1 -1 -1 -1000 -1000 -1000 -10 1
151 19 Car -1 -1 2.57 49 186 298 272 -1 -1 -1 -1000 -1000 -1000 -10 1
151 20 Car -1 -1 2.57 717 172 739 188 -1 -1 -1 -1000 -1000 -1000 -10 1
151 21 Car -1 -1 2.57 522 166 633 213 -1 -1 -1 -1000 -1000 -1000 -10 1
152 7 Car -1 -1 2.57 503 173 556 219 -1 -1 -1 -1000 -1000 -1000 -10 1
152 16 Car -1 -1 2.57 309 178 368 222 -1 -1 -1 -1000 -1000 -1000 -10 1
152 19 Car -1 -1 2.57 6 183 262 283 -1 -1 -1 -1000 -1000 -1000 -10 1
152 20 Car -1 -1 2.57 720 172 742 188 -1 -1 -1 -1000 -1000 -1000 -10 1
152 21 Car -1 -1 2.57 493 167 601 218 -1 -1 -1 -1000 -1000 -1000 -10 1
153 7 Car -1 -1 2.57 496 175 549 221 -1 -1 -1 -1000 -1000 -1000 -10 1
153 19 Car -1 -1 2.57 0 182 210 283 -1 -1 -1 -1000 -1000 -1000 -10 1
153 20 Car -1 -1 2.57 723 171 745 187 -1 -1 -1 -1000 -1000 -1000 -10 1
153 21 Car -1 -1 2.57 470 170 597 219 -1 -1 -1 -1000 -1000 -1000 -10 1
154 7 Car -1 -1 2.57 458 171 570 224 -1 -1 -1 -1000 -1000 -1000 -10 1
154 19 Car -1 -1 2.57 2 184 182 286 -1 -1 -1 -1000 -1000 -1000 -10 1
154 20 Car -1 -1 2.57 726 171 748 187 -1 -1 -1 -1000 -1000 -1000 -10 1
154 21 Car -1 -1 2.57 559 176 587 201 -1 -1 -1 -1000 -1000 -1000 -10 1
155 7 Car -1 -1 2.57 432 170 550 229 -1 -1 -1 -1000 -1000 -1000 -10 1
155 19 Car -1 -1 2.57 0 177 160 296 -1 -1 -1 -1000 -1000 -1000 -10 1
155 20 Car -1 -1 2.57 718 172 738 188 -1 -1 -1 -1000 -1000 -1000 -10 1
155 21 Car -1 -1 2.57 559 177 588 196 -1 -1 -1 -1000 -1000 -1000 -10 1
156 7 Car -1 -1 2.57 410 173 530 226 -1 -1 -1 -1000 -1000 -1000 -10 1
156 19 Car -1 -1 2.57 0 161 108 302 -1 -1 -1 -1000 -1000 -1000 -10 1
156 20 Car -1 -1 2.57 560 174 590 195 -1 -1 -1 -1000 -1000 -1000 -10 1
156 21 Car -1 -1 2.57 530 177 566 197 -1 -1 -1 -1000 -1000 -1000 -10 1
157 7 Car -1 -1 2.57 386 173 527 229 -1 -1 -1 -1000 -1000 -1000 -10 1
157 19 Car -1 -1 2.57 -15 163 92 304 -1 -1 -1 -1000 -1000 -1000 -10 1
157 20 Car -1 -1 2.57 555 176 583 197 -1 -1 -1 -1000 -1000 -1000 -10 1
157 21 Car -1 -1 2.57 511 176 540 198 -1 -1 -1 -1000 -1000 -1000 -10 1
157 22 Car -1 -1 2.57 251 183 318 215 -1 -1 -1 -1000 -1000 -1000 -10 1
158 7 Car -1 -1 2.57 344 172 486 237 -1 -1 -1 -1000 -1000 -1000 -10 1
158 20 Car -1 -1 2.57 507 177 560 199 -1 -1 -1 -1000 -1000 -1000 -10 1
158 21 Car -1 -1 2.57 560 176 589 197 -1 -1 -1 -1000 -1000 -1000 -10 1
158 22 Car -1 -1 2.57 243 184 307 214 -1 -1 -1 -1000 -1000 -1000 -10 1
158 23 Car -1 -1 2.57 662 169 945 206 -1 -1 -1 -1000 -1000 -1000 -10 1
159 7 Car -1 -1 2.57 333 173 472 238 -1 -1 -1 -1000 -1000 -1000 -10 1
159 20 Car -1 -1 2.57 556 175 586 197 -1 -1 -1 -1000 -1000 -1000 -10 1
159 21 Car -1 -1 2.57 516 176 568 198 -1 -1 -1 -1000 -1000 -1000 -10 1
159 22 Car -1 -1 2.57 244 184 304 214 -1 -1 -1 -1000 -1000 -1000 -10 1
159 23 Car -1 -1 2.57 662 169 945 206 -1 -1 -1 -1000 -1000 -1000 -10 1
160 7 Car -1 -1 2.57 300 176 440 240 -1 -1 -1 -1000 -1000 -1000 -10 1
160 20 Car -1 -1 2.57 554 175 588 198 -1 -1 -1 -1000 -1000 -1000 -10 1
160 21 Car -1 -1 2.57 513 177 547 199 -1 -1 -1 -1000 -1000 -1000 -10 1
160 22 Car -1 -1 2.57 229 183 300 213 -1 -1 -1 -1000 -1000 -1000 -10 1
160 23 Car -1 -1 2.57 658 159 939 209 -1 -1 -1 -1000 -1000 -1000 -10 1
161 7 Car -1 -1 2.57 250 176 404 249 -1 -1 -1 -1000 -1000 -1000 -10 1
161 20 Car -1 -1 2.57 510 177 548 200 -1 -1 -1 -1000 -1000 -1000 -10 1
161 21 Car -1 -1 2.57 555 176 586 199 -1 -1 -1 -1000 -1000 -1000 -10 1
161 22 Car -1 -1 2.57 227 183 298 213 -1 -1 -1 -1000 -1000 -1000 -10 1
161 23 Car -1 -1 2.57 668 168 907 204 -1 -1 -1 -1000 -1000 -1000 -10 1
162 7 Car -1 -1 2.57 223 175 366 256 -1 -1 -1 -1000 -1000 -1000 -10 1
162 20 Car -1 -1 2.57 511 177 564 199 -1 -1 -1 -1000 -1000 -1000 -10 1
162 21 Car -1 -1 2.57 558 176 588 198 -1 -1 -1 -1000 -1000 -1000 -10 1
162 22 Car -1 -1 2.57 226 183 297 213 -1 -1 -1 -1000 -1000 -1000 -10 1
162 23 Car -1 -1 2.57 635 166 876 208 -1 -1 -1 -1000 -1000 -1000 -10 1
163 7 Car -1 -1 2.57 176 178 358 258 -1 -1 -1 -1000 -1000 -1000 -10 1
163 20 Car -1 -1 2.57 556 177 584 197 -1 -1 -1 -1000 -1000 -1000 -10 1
163 21 Car -1 -1 2.57 511 176 543 200 -1 -1 -1 -1000 -1000 -1000 -10 1
163 23 Car -1 -1 2.57 627 166 891 207 -1 -1 -1 -1000 -1000 -1000 -10 1
164 7 Car -1 -1 2.57 144 177 337 269 -1 -1 -1 -1000 -1000 -1000 -10 1
164 20 Car -1 -1 2.57 555 176 586 198 -1 -1 -1 -1000 -1000 -1000 -10 1
164 21 Car -1 -1 2.57 509 177 562 198 -1 -1 -1 -1000 -1000 -1000 -10 1
164 23 Car -1 -1 2.57 625 167 889 208 -1 -1 -1 -1000 -1000 -1000 -10 1
165 7 Car -1 -1 2.57 74 174 311 278 -1 -1 -1 -1000 -1000 -1000 -10 1
165 20 Car -1 -1 2.57 511 177 560 199 -1 -1 -1 -1000 -1000 -1000 -10 1
165 21 Car -1 -1 2.57 554 177 584 198 -1 -1 -1 -1000 -1000 -1000 -10 1
165 23 Car -1 -1 2.57 649 166 902 207 -1 -1 -1 -1000 -1000 -1000 -10 1
166 7 Car -1 -1 2.57 31 172 268 286 -1 -1 -1 -1000 -1000 -1000 -10 1
166 20 Car -1 -1 2.57 555 176 587 198 -1 -1 -1 -1000 -1000 -1000 -10 1
166 21 Car -1 -1 2.57 509 177 551 199 -1 -1 -1 -1000 -1000 -1000 -10 1
166 23 Car -1 -1 2.57 648 167 901 208 -1 -1 -1 -1000 -1000 -1000 -10 1
167 7 Car -1 -1 2.57 4 171 256 297 -1 -1 -1 -1000 -1000 -1000 -10 1
167 20 Car -1 -1 2.57 554 177 582 197 -1 -1 -1 -1000 -1000 -1000 -10 1
167 21 Car -1 -1 2.57 511 176 552 199 -1 -1 -1 -1000 -1000 -1000 -10 1
168 7 Car -1 -1 2.57 27 167 221 305 -1 -1 -1 -1000 -1000 -1000 -10 1
168 20 Car -1 -1 2.57 551 177 579 197 -1 -1 -1 -1000 -1000 -1000 -10 1
168 21 Car -1 -1 2.57 514 176 546 200 -1 -1 -1 -1000 -1000 -1000 -10 1
169 7 Car -1 -1 2.57 2 166 174 318 -1 -1 -1 -1000 -1000 -1000 -10 1
169 21 Car -1 -1 2.57 509 177 552 199 -1 -1 -1 -1000 -1000 -1000 -10 1
169 24 Car -1 -1 2.57 136 187 192 223 -1 -1 -1 -1000 -1000 -1000 -10 1
170 7 Car -1 -1 2.57 0 169 111 311 -1 -1 -1 -1000 -1000 -1000 -10 1
170 21 Car -1 -1 2.57 512 179 546 201 -1 -1 -1 -1000 -1000 -1000 -10 1
170 24 Car -1 -1 2.57 123 187 184 220 -1 -1 -1 -1000 -1000 -1000 -10 1
171 7 Car -1 -1 2.57 -21 172 89 314 -1 -1 -1 -1000 -1000 -1000 -10 1
171 21 Car -1 -1 2.57 514 179 548 201 -1 -1 -1 -1000 -1000 -1000 -10 1
171 24 Car -1 -1 2.57 108 186 179 220 -1 -1 -1 -1000 -1000 -1000 -10 1
172 21 Car -1 -1 2.57 500 167 762 213 -1 -1 -1 -1000 -1000 -1000 -10 1
172 24 Car -1 -1 2.57 95 186 164 219 -1 -1 -1 -1000 -1000 -1000 -10 1
173 21 Car -1 -1 2.57 508 167 770 213 -1 -1 -1 -1000 -1000 -1000 -10 1
173 24 Car -1 -1 2.57 89 186 161 218 -1 -1 -1 -1000 -1000 -1000 -10 1
174 21 Car -1 -1 2.57 515 166 777 212 -1 -1 -1 -1000 -1000 -1000 -10 1
174 24 Car -1 -1 2.57 82 187 142 219 -1 -1 -1 -1000 -1000 -1000 -10 1
175 21 Car -1 -1 2.57 481 166 759 214 -1 -1 -1 -1000 -1000 -1000 -10 1
175 24 Car -1 -1 2.57 72 190 136 215 -1 -1 -1 -1000 -1000 -1000 -10 1
176 21 Car -1 -1 2.57 486 166 764 214 -1 -1 -1 -1000 -1000 -1000 -10 1
176 24 Car -1 -1 2.57 68 190 132 215 -1 -1 -1 -1000 -1000 -1000 -10 1
177 24 Car -1 -1 2.57 56 189 117 216 -1 -1 -1 -1000 -1000 -1000 -10 1
178 24 Car -1 -1 2.57 51 189 112 216 -1 -1 -1 -1000 -1000 -1000 -10 1
189 25 Car -1 -1 2.57 1144 163 1240 200 -1 -1 -1 -1000 -1000 -1000 -10 1
190 25 Car -1 -1 2.57 1138 164 1241 199 -1 -1 -1 -1000 -1000 -1000 -10 1
191 25 Car -1 -1 2.57 1127 155 1236 208 -1 -1 -1 -1000 -1000 -1000 -10 1
191 26 Car -1 -1 2.57 563 178 588 199 -1 -1 -1 -1000 -1000 -1000 -10 1
192 25 Car -1 -1 2.57 1116 162 1229 204 -1 -1 -1 -1000 -1000 -1000 -10 1
192 26 Car -1 -1 2.57 556 177 586 198 -1 -1 -1 -1000 -1000 -1000 -10 1
193 25 Car -1 -1 2.57 1108 163 1225 200 -1 -1 -1 -1000 -1000 -1000 -10 1
193 26 Car -1 -1 2.57 556 177 585 198 -1 -1 -1 -1000 -1000 -1000 -10 1
194 25 Car -1 -1 2.57 1085 163 1205 203 -1 -1 -1 -1000 -1000 -1000 -10 1
194 26 Car -1 -1 2.57 521 177 558 197 -1 -1 -1 -1000 -1000 -1000 -10 1
194 27 Car -1 -1 2.57 555 177 587 198 -1 -1 -1 -1000 -1000 -1000 -10 1
195 25 Car -1 -1 2.57 1074 164 1195 203 -1 -1 -1 -1000 -1000 -1000 -10 1
195 26 Car -1 -1 2.57 508 177 555 198 -1 -1 -1 -1000 -1000 -1000 -10 1
195 27 Car -1 -1 2.57 555 176 585 198 -1 -1 -1 -1000 -1000 -1000 -10 1
196 25 Car -1 -1 2.57 1058 164 1186 204 -1 -1 -1 -1000 -1000 -1000 -10 1
196 26 Car -1 -1 2.57 556 177 587 198 -1 -1 -1 -1000 -1000 -1000 -10 1
196 27 Car -1 -1 2.57 515 178 561 198 -1 -1 -1 -1000 -1000 -1000 -10 1
197 25 Car -1 -1 2.57 1055 165 1179 203 -1 -1 -1 -1000 -1000 -1000 -10 1
197 26 Car -1 -1 2.57 528 178 560 196 -1 -1 -1 -1000 -1000 -1000 -10 1
197 27 Car -1 -1 2.57 556 176 588 198 -1 -1 -1 -1000 -1000 -1000 -10 1
198 25 Car -1 -1 2.57 1050 163 1170 206 -1 -1 -1 -1000 -1000 -1000 -10 1
198 26 Car -1 -1 2.57 555 176 587 198 -1 -1 -1 -1000 -1000 -1000 -10 1
198 27 Car -1 -1 2.57 514 177 560 198 -1 -1 -1 -1000 -1000 -1000 -10 1
199 25 Car -1 -1 2.57 1042 165 1175 203 -1 -1 -1 -1000 -1000 -1000 -10 1
199 26 Car -1 -1 2.57 556 176 588 198 -1 -1 -1 -1000 -1000 -1000 -10 1
199 27 Car -1 -1 2.57 511 177 569 199 -1 -1 -1 -1000 -1000 -1000 -10 1
200 25 Car -1 -1 2.57 1033 165 1142 203 -1 -1 -1 -1000 -1000 -1000 -10 1
200 26 Car -1 -1 2.57 513 176 563 199 -1 -1 -1 -1000 -1000 -1000 -10 1
200 27 Car -1 -1 2.57 554 175 588 197 -1 -1 -1 -1000 -1000 -1000 -10 1
201 25 Car -1 -1 2.57 1036 166 1147 203 -1 -1 -1 -1000 -1000 -1000 -10 1
201 26 Car -1 -1 2.57 512 177 565 197 -1 -1 -1 -1000 -1000 -1000 -10 1
201 27 Car -1 -1 2.57 554 175 588 197 -1 -1 -1 -1000 -1000 -1000 -10 1
201 28 Car -1 -1 2.57 34 128 357 290 -1 -1 -1 -1000 -1000 -1000 -10 1
202 25 Car -1 -1 2.57 1020 166 1135 203 -1 -1 -1 -1000 -1000 -1000 -10 1
202 26 Car -1 -1 2.57 556 176 590 197 -1 -1 -1 -1000 -1000 -1000 -10 1
202 27 Car -1 -1 2.57 510 177 568 198 -1 -1 -1 -1000 -1000 -1000 -10 1
202 28 Car -1 -1 2.57 45 158 335 265 -1 -1 -1 -1000 -1000 -1000 -10 1
203 25 Car -1 -1 2.57 1024 166 1128 204 -1 -1 -1 -1000 -1000 -1000 -10 1
203 26 Car -1 -1 2.57 558 177 584 197 -1 -1 -1 -1000 -1000 -1000 -10 1
203 27 Car -1 -1 2.57 508 176 560 199 -1 -1 -1 -1000 -1000 -1000 -10 1
203 28 Car -1 -1 2.57 44 158 334 265 -1 -1 -1 -1000 -1000 -1000 -10 1
204 25 Car -1 -1 2.57 1016 167 1128 203 -1 -1 -1 -1000 -1000 -1000 -10 1
204 26 Car -1 -1 2.57 554 175 588 198 -1 -1 -1 -1000 -1000 -1000 -10 1
204 27 Car -1 -1 2.57 505 176 556 199 -1 -1 -1 -1000 -1000 -1000 -10 1
205 25 Car -1 -1 2.57 1017 166 1121 204 -1 -1 -1 -1000 -1000 -1000 -10 1
205 26 Car -1 -1 2.57 524 178 559 197 -1 -1 -1 -1000 -1000 -1000 -10 1
205 27 Car -1 -1 2.57 554 176 589 198 -1 -1 -1 -1000 -1000 -1000 -10 1
206 25 Car -1 -1 2.57 995 167 1132 202 -1 -1 -1 -1000 -1000 -1000 -10 1
206 26 Car -1 -1 2.57 521 178 559 197 -1 -1 -1 -1000 -1000 -1000 -10 1
206 27 Car -1 -1 2.57 556 176 587 197 -1 -1 -1 -1000 -1000 -1000 -10 1
207 25 Car -1 -1 2.57 996 165 1124 203 -1 -1 -1 -1000 -1000 -1000 -10 1
207 26 Car -1 -1 2.57 557 177 584 198 -1 -1 -1 -1000 -1000 -1000 -10 1
207 27 Car -1 -1 2.57 507 177 561 197 -1 -1 -1 -1000 -1000 -1000 -10 1
208 25 Car -1 -1 2.57 990 165 1112 203 -1 -1 -1 -1000 -1000 -1000 -10 1
208 26 Car -1 -1 2.57 506 178 552 199 -1 -1 -1 -1000 -1000 -1000 -10 1
208 27 Car -1 -1 2.57 555 176 588 198 -1 -1 -1 -1000 -1000 -1000 -10 1
209 25 Car -1 -1 2.57 990 167 1115 203 -1 -1 -1 -1000 -1000 -1000 -10 1
209 26 Car -1 -1 2.57 555 176 586 198 -1 -1 -1 -1000 -1000 -1000 -10 1
209 27 Car -1 -1 2.57 514 177 558 198 -1 -1 -1 -1000 -1000 -1000 -10 1
210 25 Car -1 -1 2.57 992 165 1111 204 -1 -1 -1 -1000 -1000 -1000 -10 1
210 26 Car -1 -1 2.57 555 176 587 197 -1 -1 -1 -1000 -1000 -1000 -10 1
210 27 Car -1 -1 2.57 511 177 555 199 -1 -1 -1 -1000 -1000 -1000 -10 1
211 25 Car -1 -1 2.57 1002 164 1114 204 -1 -1 -1 -1000 -1000 -1000 -10 1
211 26 Car -1 -1 2.57 556 176 587 197 -1 -1 -1 -1000 -1000 -1000 -10 1
211 27 Car -1 -1 2.57 510 176 560 200 -1 -1 -1 -1000 -1000 -1000 -10 1
212 25 Car -1 -1 2.57 991 164 1113 203 -1 -1 -1 -1000 -1000 -1000 -10 1
212 26 Car -1 -1 2.57 505 177 549 199 -1 -1 -1 -1000 -1000 -1000 -10 1
212 27 Car -1 -1 2.57 558 177 584 197 -1 -1 -1 -1000 -1000 -1000 -10 1
212 29 Car -1 -1 2.57 522 176 606 198 -1 -1 -1 -1000 -1000 -1000 -10 1
213 25 Car -1 -1 2.57 983 164 1102 207 -1 -1 -1 -1000 -1000 -1000 -10 1
213 26 Car -1 -1 2.57 511 177 555 198 -1 -1 -1 -1000 -1000 -1000 -10 1
213 27 Car -1 -1 2.57 559 177 585 197 -1 -1 -1 -1000 -1000 -1000 -10 1
213 29 Car -1 -1 2.57 557 175 587 197 -1 -1 -1 -1000 -1000 -1000 -10 1
214 25 Car -1 -1 2.57 988 164 1100 207 -1 -1 -1 -1000 -1000 -1000 -10 1
214 26 Car -1 -1 2.57 513 177 557 199 -1 -1 -1 -1000 -1000 -1000 -10 1
214 29 Car -1 -1 2.57 556 175 587 197 -1 -1 -1 -1000 -1000 -1000 -10 1
215 25 Car -1 -1 2.57 988 164 1106 203 -1 -1 -1 -1000 -1000 -1000 -10 1
215 26 Car -1 -1 2.57 511 178 552 198 -1 -1 -1 -1000 -1000 -1000 -10 1
215 29 Car -1 -1 2.57 556 175 586 197 -1 -1 -1 -1000 -1000 -1000 -10 1
216 25 Car -1 -1 2.57 991 163 1105 203 -1 -1 -1 -1000 -1000 -1000 -10 1
216 26 Car -1 -1 2.57 515 178 545 199 -1 -1 -1 -1000 -1000 -1000 -10 1
216 29 Car -1 -1 2.57 556 176 587 197 -1 -1 -1 -1000 -1000 -1000 -10 1
217 25 Car -1 -1 2.57 989 165 1100 202 -1 -1 -1 -1000 -1000 -1000 -10 1
217 26 Car -1 -1 2.57 518 178 558 198 -1 -1 -1 -1000 -1000 -1000 -10 1
217 29 Car -1 -1 2.57 556 176 587 197 -1 -1 -1 -1000 -1000 -1000 -10 1
218 25 Car -1 -1 2.57 989 164 1105 203 -1 -1 -1 -1000 -1000 -1000 -10 1
218 26 Car -1 -1 2.57 510 178 567 197 -1 -1 -1 -1000 -1000 -1000 -10 1
218 29 Car -1 -1 2.57 554 176 588 197 -1 -1 -1 -1000 -1000 -1000 -10 1
219 25 Car -1 -1 2.57 989 164 1110 203 -1 -1 -1 -1000 -1000 -1000 -10 1
219 26 Car -1 -1 2.57 556 176 586 198 -1 -1 -1 -1000 -1000 -1000 -10 1
219 29 Car -1 -1 2.57 515 178 545 200 -1 -1 -1 -1000 -1000 -1000 -10 1
220 25 Car -1 -1 2.57 983 164 1108 203 -1 -1 -1 -1000 -1000 -1000 -10 1
220 26 Car -1 -1 2.57 557 176 587 198 -1 -1 -1 -1000 -1000 -1000 -10 1
220 29 Car -1 -1 2.57 554 176 589 197 -1 -1 -1 -1000 -1000 -1000 -10 1
221 25 Car -1 -1 2.57 981 165 1106 203 -1 -1 -1 -1000 -1000 -1000 -10 1
221 26 Car -1 -1 2.57 556 176 587 197 -1 -1 -1 -1000 -1000 -1000 -10 1
221 29 Car -1 -1 2.57 515 178 559 198 -1 -1 -1 -1000 -1000 -1000 -10 1
222 25 Car -1 -1 2.57 991 163 1106 204 -1 -1 -1 -1000 -1000 -1000 -10 1
222 26 Car -1 -1 2.57 557 176 588 197 -1 -1 -1 -1000 -1000 -1000 -10 1
222 29 Car -1 -1 2.57 555 175 587 199 -1 -1 -1 -1000 -1000 -1000 -10 1
223 25 Car -1 -1 2.57 984 165 1105 204 -1 -1 -1 -1000 -1000 -1000 -10 1
223 26 Car -1 -1 2.57 557 175 587 196 -1 -1 -1 -1000 -1000 -1000 -10 1
223 29 Car -1 -1 2.57 520 178 558 197 -1 -1 -1 -1000 -1000 -1000 -10 1
224 25 Car -1 -1 2.57 989 167 1108 202 -1 -1 -1 -1000 -1000 -1000 -10 1
224 26 Car -1 -1 2.57 556 176 586 198 -1 -1 -1 -1000 -1000 -1000 -10 1
224 29 Car -1 -1 2.57 518 178 556 197 -1 -1 -1 -1000 -1000 -1000 -10 1
225 25 Car -1 -1 2.57 983 166 1110 203 -1 -1 -1 -1000 -1000 -1000 -10 1
225 26 Car -1 -1 2.57 557 176 584 197 -1 -1 -1 -1000 -1000 -1000 -10 1
225 29 Car -1 -1 2.57 516 177 561 198 -1 -1 -1 -1000 -1000 -1000 -10 1
226 25 Car -1 -1 2.57 994 164 1104 203 -1 -1 -1 -1000 -1000 -1000 -10 1
226 26 Car -1 -1 2.57 508 177 549 199 -1 -1 -1 -1000 -1000 -1000 -10 1
226 29 Car -1 -1 2.57 554 176 588 196 -1 -1 -1 -1000 -1000 -1000 -10 1
227 25 Car -1 -1 2.57 982 164 1113 204 -1 -1 -1 -1000 -1000 -1000 -10 1
227 26 Car -1 -1 2.57 554 176 586 197 -1 -1 -1 -1000 -1000 -1000 -10 1
227 29 Car -1 -1 2.57 503 177 557 198 -1 -1 -1 -1000 -1000 -1000 -10 1
228 25 Car -1 -1 2.57 990 164 1109 203 -1 -1 -1 -1000 -1000 -1000 -10 1
228 26 Car -1 -1 2.57 555 176 586 198 -1 -1 -1 -1000 -1000 -1000 -10 1
228 29 Car -1 -1 2.57 512 177 560 198 -1 -1 -1 -1000 -1000 -1000 -10 1
229 25 Car -1 -1 2.57 982 165 1106 203 -1 -1 -1 -1000 -1000 -1000 -10 1
229 26 Car -1 -1 2.57 556 177 588 197 -1 -1 -1 -1000 -1000 -1000 -10 1
229 29 Car -1 -1 2.57 513 175 559 200 -1 -1 -1 -1000 -1000 -1000 -10 1
230 25 Car -1 -1 2.57 983 166 1101 204 -1 -1 -1 -1000 -1000 -1000 -10 1
230 26 Car -1 -1 2.57 557 177 587 198 -1 -1 -1 -1000 -1000 -1000 -10 1
230 29 Car -1 -1 2.57 524 178 560 197 -1 -1 -1 -1000 -1000 -1000 -10 1
231 25 Car -1 -1 2.57 995 164 1106 203 -1 -1 -1 -1000 -1000 -1000 -10 1
231 26 Car -1 -1 2.57 514 177 567 198 -1 -1 -1 -1000 -1000 -1000 -10 1
231 29 Car -1 -1 2.57 556 176 586 197 -1 -1 -1 -1000 -1000 -1000 -10 1
232 25 Car -1 -1 2.57 989 164 1113 203 -1 -1 -1 -1000 -1000 -1000 -10 1
232 26 Car -1 -1 2.57 511 177 561 198 -1 -1 -1 -1000 -1000 -1000 -10 1
232 29 Car -1 -1 2.57 556 175 587 198 -1 -1 -1 -1000 -1000 -1000 -10 1
