0 0 Car -1 -1 2.57 874 197 1241 374 -1 -1 -1 -1000 -1000 -1000 -10 1
0 1 Car -1 -1 2.57 295 173 343 196 -1 -1 -1 -1000 -1000 -1000 -10 1
1 0 Car -1 -1 2.57 871 187 1241 375 -1 -1 -1 -1000 -1000 -1000 -10 1
1 1 Car -1 -1 2.57 300 170 349 194 -1 -1 -1 -1000 -1000 -1000 -10 1
2 0 Car -1 -1 2.57 848 186 1241 374 -1 -1 -1 -1000 -1000 -1000 -10 1
2 1 Car -1 -1 2.57 282 173 345 196 -1 -1 -1 -1000 -1000 -1000 -10 1
2 2 Car -1 -1 2.57 228 154 338 198 -1 -1 -1 -1000 -1000 -1000 -10 1
3 0 Car -1 -1 2.57 876 189 1240 373 -1 -1 -1 -1000 -1000 -1000 -10 1
3 1 Car -1 -1 2.57 271 173 328 198 -1 -1 -1 -1000 -1000 -1000 -10 1
3 2 Car -1 -1 2.57 308 172 334 192 -1 -1 -1 -1000 -1000 -1000 -10 1
4 0 Car -1 -1 2.57 831 192 1241 373 -1 -1 -1 -1000 -1000 -1000 -10 1
4 1 Car -1 -1 2.57 277 173 335 199 -1 -1 -1 -1000 -1000 -1000 -10 1
4 2 Car -1 -1 2.57 267 173 300 196 -1 -1 -1 -1000 -1000 -1000 -10 1
5 0 Car -1 -1 2.57 829 193 1240 371 -1 -1 -1 -1000 -1000 -1000 -10 1
5 1 Car -1 -1 2.57 257 175 317 200 -1 -1 -1 -1000 -1000 -1000 -10 1
5 2 Car -1 -1 2.57 267 174 300 197 -1 -1 -1 -1000 -1000 -1000 -10 1
6 0 Car -1 -1 2.57 814 192 1232 373 -1 -1 -1 -1000 -1000 -1000 -10 1
6 1 Car -1 -1 2.57 243 175 305 202 -1 -1 -1 -1000 -1000 -1000 -10 1
6 2 Car -1 -1 2.57 267 174 300 197 -1 -1 -1 -1000 -1000 -1000 -10 1
7 0 Car -1 -1 2.57 817 182 1240 376 -1 -1 -1 -1000 -1000 -1000 -10 1
7 1 Car -1 -1 2.57 234 179 291 204 -1 -1 -1 -1000 -1000 -1000 -10 1
7 2 Car -1 -1 2.57 267 174 300 197 -1 -1 -1 -1000 -1000 -1000 -10 1
8 0 Car -1 -1 2.57 818 192 1240 372 -1 -1 -1 -1000 -1000 -1000 -10 1
8 1 Car -1 -1 2.57 222 177 283 206 -1 -1 -1 -1000 -1000 -1000 -10 1
8 2 Car -1 -1 2.57 266 175 299 198 -1 -1 -1 -1000 -1000 -1000 -10 1
9 0 Car -1 -1 2.57 773 193 1223 364 -1 -1 -1 -1000 -1000 -1000 -10 1
9 1 Car -1 -1 2.57 217 176 275 206 -1 -1 -1 -1000 -1000 -1000 -10 1
9 2 Car -1 -1 2.57 266 175 299 198 -1 -1 -1 -1000 -1000 -1000 -10 1
10 0 Car -1 -1 2.57 786 189 1143 365 -1 -1 -1 -1000 -1000 -1000 -10 1
10 1 Car -1 -1 2.57 204 176 269 205 -1 -1 -1 -1000 -1000 -1000 -10 1
10 2 Car -1 -1 2.57 266 176 299 199 -1 -1 -1 -1000 -1000 -1000 -10 1
11 0 Car -1 -1 2.57 787 186 1128 354 -1 -1 -1 -1000 -1000 -1000 -10 1
11 1 Car -1 -1 2.57 234 171 284 203 -1 -1 -1 -1000 -1000 -1000 -10 1
11 2 Car -1 -1 2.57 183 173 265 203 -1 -1 -1 -1000 -1000 -1000 -10 1
12 0 Car -1 -1 2.57 776 190 1080 354 -1 -1 -1 -1000 -1000 -1000 -10 1
12 1 Car -1 -1 2.57 193 174 245 204 -1 -1 -1 -1000 -1000 -1000 -10 1
12 2 Car -1 -1 2.57 179 173 261 203 -1 -1 -1 -1000 -1000 -1000 -10 1
13 0 Car -1 -1 2.57 773 185 1076 347 -1 -1 -1 -1000 -1000 -1000 -10 1
13 1 Car -1 -1 2.57 188 175 240 205 -1 -1 -1 -1000 -1000 -1000 -10 1
13 2 Car -1 -1 2.57 170 174 242 207 -1 -1 -1 -1000 -1000 -1000 -10 1
14 0 Car -1 -1 2.57 786 184 1036 340 -1 -1 -1 -1000 -1000 -1000 -10 1
14 1 Car -1 -1 2.57 216 176 265 207 -1 -1 -1 -1000 -1000 -1000 -10 1
14 2 Car -1 -1 2.57 158 177 235 210 -1 -1 -1 -1000 -1000 -1000 -10 1
15 0 Car -1 -1 2.57 749 187 1018 337 -1 -1 -1 -1000 -1000 -1000 -10 1
15 1 Car -1 -1 2.57 191 178 257 209 -1 -1 -1 -1000 -1000 -1000 -10 1
15 2 Car -1 -1 2.57 145 180 225 213 -1 -1 -1 -1000 -1000 -1000 -10 1
16 0 Car -1 -1 2.57 761 189 1016 329 -1 -1 -1 -1000 -1000 -1000 -10 1
16 1 Car -1 -1 2.57 204 180 258 209 -1 -1 -1 -1000 -1000 -1000 -10 1
16 2 Car -1 -1 2.57 126 180 213 214 -1 -1 -1 -1000 -1000 -1000 -10 1
17 0 Car -1 -1 2.57 763 187 990 319 -1 -1 -1 -1000 -1000 -1000 -10 1
17 1 Car -1 -1 2.57 194 180 243 210 -1 -1 -1 -1000 -1000 -1000 -10 1
17 2 Car -1 -1 2.57 113 180 197 217 -1 -1 -1 -1000 -1000 -1000 -10 1
18 0 Car -1 -1 2.57 748 183 964 314 -1 -1 -1 -1000 -1000 -1000 -10 1
18 1 Car -1 -1 2.57 178 179 236 213 -1 -1 -1 -1000 -1000 -1000 -10 1
18 2 Car -1 -1 2.57 98 188 135 215 -1 -1 -1 -1000 -1000 -1000 -10 1
19 0 Car -1 -1 2.57 741 182 966 310 -1 -1 -1 -1000 -1000 -1000 -10 1
19 1 Car -1 -1 2.57 156 179 224 213 -1 -1 -1 -1000 -1000 -1000 -10 1
19 2 Car -1 -1 2.57 73 181 180 220 -1 -1 -1 -1000 -1000 -1000 -10 1
20 0 Car -1 -1 2.57 737 179 948 305 -1 -1 -1 -1000 -1000 -1000 -10 1
20 1 Car -1 -1 2.57 54 180 162 220 -1 -1 -1 -1000 -1000 -1000 -10 1
20 2 Car -1 -1 2.57 136 181 205 216 -1 -1 -1 -1000 -1000 -1000 -10 1
21 0 Car -1 -1 2.57 746 181 929 297 -1 -1 -1 -1000 -1000 -1000 -10 1
21 1 Car -1 -1 2.57 35 182 142 223 -1 -1 -1 -1000 -1000 -1000 -10 1
21 2 Car -1 -1 2.57 109 182 199 218 -1 -1 -1 -1000 -1000 -1000 -10 1
22 0 Car -1 -1 2.57 754 184 922 290 -1 -1 -1 -1000 -1000 -1000 -10 1
22 1 Car -1 -1 2.57 92 183 185 220 -1 -1 -1 -1000 -1000 -1000 -10 1
22 2 Car -1 -1 2.57 9 183 125 226 -1 -1 -1 -1000 -1000 -1000 -10 1
23 0 Car -1 -1 2.57 742 184 908 288 -1 -1 -1 -1000 -1000 -1000 -10 1
23 1 Car -1 -1 2.57 0 180 97 231 -1 -1 -1 -1000 -1000 -1000 -10 1
23 2 Car -1 -1 2.57 75 185 158 224 -1 -1 -1 -1000 -1000 -1000 -10 1
23 3 Car -1 -1 2.57 1134 222 1239 370 -1 -1 -1 -1000 -1000 -1000 -10 1
24 0 Car -1 -1 2.57 740 182 885 288 -1 -1 -1 -1000 -1000 -1000 -10 1
24 1 Car -1 -1 2.57 61 186 115 222 -1 -1 -1 -1000 -1000 -1000 -10 1
24 2 Car -1 -1 2.57 0 181 75 233 -1 -1 -1 -1000 -1000 -1000 -10 1
24 3 Car -1 -1 2.57 1092 216 1232 371 -1 -1 -1 -1000 -1000 -1000 -10 1
25 0 Car -1 -1 2.57 727 183 885 278 -1 -1 -1 -1000 -1000 -1000 -10 1
25 1 Car -1 -1 2.57 56 180 140 221 -1 -1 -1 -1000 -1000 -1000 -10 1
25 2 Car -1 -1 2.57 -10 182 64 234 -1 -1 -1 -1000 -1000 -1000 -10 1
25 3 Car -1 -1 2.57 1070 244 1240 363 -1 -1 -1 -1000 -1000 -1000 -10 1
26 0 Car -1 -1 2.57 732 180 875 274 -1 -1 -1 -1000 -1000 -1000 -10 1
26 1 Car -1 -1 2.57 0 179 106 226 -1 -1 -1 -1000 -1000 -1000 -10 1
26 3 Car -1 -1 2.57 1038 232 1241 373 -1 -1 -1 -1000 -1000 -1000 -10 1
27 0 Car -1 -1 2.57 728 183 861 269 -1 -1 -1 -1000 -1000 -1000 -10 1
27 1 Car -1 -1 2.57 0 183 86 228 -1 -1 -1 -1000 -1000 -1000 -10 1
27 3 Car -1 -1 2.57 1003 240 1241 370 -1 -1 -1 -1000 -1000 -1000 -10 1
28 0 Car -1 -1 2.57 711 179 852 275 -1 -1 -1 -1000 -1000 -1000 -10 1
28 1 Car -1 -1 2.57 0 182 69 231 -1 -1 -1 -1000 -1000 -1000 -10 1
28 3 Car -1 -1 2.57 1002 198 1232 379 -1 -1 -1 -1000 -1000 -1000 -10 1
29 0 Car -1 -1 2.57 722 182 837 271 -1 -1 -1 -1000 -1000 -1000 -10 1
29 1 Car -1 -1 2.57 -10 184 59 233 -1 -1 -1 -1000 -1000 -1000 -10 1
29 3 Car -1 -1 2.57 980 197 1229 367 -1 -1 -1 -1000 -1000 -1000 -10 1
30 0 Car -1 -1 2.57 704 181 842 268 -1 -1 -1 -1000 -1000 -1000 -10 1
30 1 Car -1 -1 2.57 6 138 76 235 -1 -1 -1 -1000 -1000 -1000 -10 1
30 3 Car -1 -1 2.57 974 176 1241 374 -1 -1 -1 -1000 -1000 -1000 -10 1
31 0 Car -1 -1 2.57 693 180 829 263 -1 -1 -1 -1000 -1000 -1000 -10 1
31 1 Car -1 -1 2.57 30 148 226 212 -1 -1 -1 -1000 -1000 -1000 -10 1
31 3 Car -1 -1 2.57 969 165 1241 375 -1 -1 -1 -1000 -1000 -1000 -10 1
32 0 Car -1 -1 2.57 700 180 805 259 -1 -1 -1 -1000 -1000 -1000 -10 1
32 1 Car -1 -1 2.57 28 147 224 211 -1 -1 -1 -1000 -1000 -1000 -10 1
32 3 Car -1 -1 2.57 944 170 1241 373 -1 -1 -1 -1000 -1000 -1000 -10 1
33 0 Car -1 -1 2.57 681 181 798 256 -1 -1 -1 -1000 -1000 -1000 -10 1
33 3 Car -1 -1 2.57 890 160 1241 373 -1 -1 -1 -1000 -1000 -1000 -10 1
34 0 Car -1 -1 2.57 683 178 781 255 -1 -1 -1 -1000 -1000 -1000 -10 1
34 3 Car -1 -1 2.57 881 161 1234 366 -1 -1 -1 -1000 -1000 -1000 -10 1
35 0 Car -1 -1 2.57 669 179 780 250 -1 -1 -1 -1000 -1000 -1000 -10 1
35 3 Car -1 -1 2.57 868 157 1240 371 -1 -1 -1 -1000 -1000 -1000 -10 1
36 0 Car -1 -1 2.57 656 176 765 250 -1 -1 -1 -1000 -1000 -1000 -10 1
36 3 Car -1 -1 2.57 821 163 1233 372 -1 -1 -1 -1000 -1000 -1000 -10 1
36 4 Car -1 -1 2.57 369 175 388 193 -1 -1 -1 -1000 -1000 -1000 -10 1
37 0 Car -1 -1 2.57 660 175 756 250 -1 -1 -1 -1000 -1000 -1000 -10 1
37 3 Car -1 -1 2.57 823 168 1240 369 -1 -1 -1 -1000 -1000 -1000 -10 1
37 4 Car -1 -1 2.57 360 175 387 193 -1 -1 -1 -1000 -1000 -1000 -10 1
38 0 Car -1 -1 2.57 654 177 747 244 -1 -1 -1 -1000 -1000 -1000 -10 1
38 3 Car -1 -1 2.57 797 167 1213 370 -1 -1 -1 -1000 -1000 -1000 -10 1
38 4 Car -1 -1 2.57 349 175 380 192 -1 -1 -1 -1000 -1000 -1000 -10 1
39 0 Car -1 -1 2.57 650 176 732 245 -1 -1 -1 -1000 -1000 -1000 -10 1
39 3 Car -1 -1 2.57 790 157 1184 370 -1 -1 -1 -1000 -1000 -1000 -10 1
39 4 Car -1 -1 2.57 346 175 374 194 -1 -1 -1 -1000 -1000 -1000 -10 1
40 0 Car -1 -1 2.57 641 177 732 244 -1 -1 -1 -1000 -1000 -1000 -10 1
40 3 Car -1 -1 2.57 779 170 1167 360 -1 -1 -1 -1000 -1000 -1000 -10 1
40 4 Car -1 -1 2.57 344 175 372 194 -1 -1 -1 -1000 -1000 -1000 -10 1
41 0 Car -1 -1 2.57 625 179 713 240 -1 -1 -1 -1000 -1000 -1000 -10 1
41 3 Car -1 -1 2.57 748 159 1074 361 -1 -1 -1 -1000 -1000 -1000 -10 1
41 4 Car -1 -1 2.57 336 175 363 195 -1 -1 -1 -1000 -1000 -1000 -10 1
42 0 Car -1 -1 2.57 617 179 701 241 -1 -1 -1 -1000 -1000 -1000 -10 1
42 3 Car -1 -1 2.57 748 158 1034 364 -1 -1 -1 -1000 -1000 -1000 -10 1
42 4 Car -1 -1 2.57 322 176 355 195 -1 -1 -1 -1000 -1000 -1000 -10 1
43 0 Car -1 -1 2.57 620 181 698 241 -1 -1 -1 -1000 -1000 -1000 -10 1
43 3 Car -1 -1 2.57 723 160 1008 358 -1 -1 -1 -1000 -1000 -1000 -10 1
43 4 Car -1 -1 2.57 319 177 352 196 -1 -1 -1 -1000 -1000 -1000 -10 1
44 0 Car -1 -1 2.57 608 177 694 238 -1 -1 -1 -1000 -1000 -1000 -10 1
44 3 Car -1 -1 2.57 708 162 971 353 -1 -1 -1 -1000 -1000 -1000 -10 1
44 4 Car -1 -1 2.57 310 176 341 197 -1 -1 -1 -1000 -1000 -1000 -10 1
45 0 Car -1 -1 2.57 604 177 678 237 -1 -1 -1 -1000 -1000 -1000 -10 1
45 3 Car -1 -1 2.57 715 168 931 330 -1 -1 -1 -1000 -1000 -1000 -10 1
45 4 Car -1 -1 2.57 299 178 334 197 -1 -1 -1 -1000 -1000 -1000 -10 1
46 0 Car -1 -1 2.57 595 179 672 236 -1 -1 -1 -1000 -1000 -1000 -10 1
46 3 Car -1 -1 2.57 688 162 914 335 -1 -1 -1 -1000 -1000 -1000 -10 1
46 4 Car -1 -1 2.57 295 177 335 198 -1 -1 -1 -1000 -1000 -1000 -10 1
47 0 Car -1 -1 2.57 594 179 661 237 -1 -1 -1 -1000 -1000 -1000 -10 1
47 3 Car -1 -1 2.57 693 163 877 334 -1 -1 -1 -1000 -1000 -1000 -10 1
47 4 Car -1 -1 2.57 287 178 325 198 -1 -1 -1 -1000 -1000 -1000 -10 1
48 0 Car -1 -1 2.57 588 182 656 235 -1 -1 -1 -1000 -1000 -1000 -10 1
48 3 Car -1 -1 2.57 667 172 860 324 -1 -1 -1 -1000 -1000 -1000 -10 1
48 4 Car -1 -1 2.57 276 177 323 200 -1 -1 -1 -1000 -1000 -1000 -10 1
49 0 Car -1 -1 2.57 579 181 652 233 -1 -1 -1 -1000 -1000 -1000 -10 1
49 3 Car -1 -1 2.57 662 165 857 324 -1 -1 -1 -1000 -1000 -1000 -10 1
49 4 Car -1 -1 2.57 281 178 315 197 -1 -1 -1 -1000 -1000 -1000 -10 1
50 0 Car -1 -1 2.57 577 177 650 233 -1 -1 -1 -1000 -1000 -1000 -10 1
50 3 Car -1 -1 2.57 648 169 820 308 -1 -1 -1 -1000 -1000 -1000 -10 1
50 4 Car -1 -1 2.57 272 178 304 195 -1 -1 -1 -1000 -1000 -1000 -10 1
51 0 Car -1 -1 2.57 574 177 645 229 -1 -1 -1 -1000 -1000 -1000 -10 1
51 3 Car -1 -1 2.57 644 168 803 297 -1 -1 -1 -1000 -1000 -1000 -10 1
51 4 Car -1 -1 2.57 268 179 300 196 -1 -1 -1 -1000 -1000 -1000 -10 1
52 0 Car -1 -1 2.57 570 174 639 226 -1 -1 -1 -1000 -1000 -1000 -10 1
52 3 Car -1 -1 2.57 642 167 788 296 -1 -1 -1 -1000 -1000 -1000 -10 1
52 4 Car -1 -1 2.57 264 179 296 196 -1 -1 -1 -1000 -1000 -1000 -10 1
53 0 Car -1 -1 2.57 569 174 634 224 -1 -1 -1 -1000 -1000 -1000 -10 1
53 3 Car -1 -1 2.57 629 165 766 289 -1 -1 -1 -1000 -1000 -1000 -10 1
53 4 Car -1 -1 2.57 262 176 295 197 -1 -1 -1 -1000 -1000 -1000 -10 1
54 0 Car -1 -1 2.57 565 176 623 222 -1 -1 -1 -1000 -1000 -1000 -10 1
54 3 Car -1 -1 2.57 621 171 757 287 -1 -1 -1 -1000 -1000 -1000 -10 1
54 4 Car -1 -1 2.57 250 177 294 199 -1 -1 -1 -1000 -1000 -1000 -10 1
55 0 Car -1 -1 2.57 561 175 623 225 -1 -1 -1 -1000 -1000 -1000 -10 1
55 3 Car -1 -1 2.57 627 171 738 285 -1 -1 -1 -1000 -1000 -1000 -10 1
55 4 Car -1 -1 2.57 244 179 287 201 -1 -1 -1 -1000 -1000 -1000 -10 1
56 0 Car -1 -1 2.57 559 179 623 225 -1 -1 -1 -1000 -1000 -1000 -10 1
56 3 Car -1 -1 2.57 606 168 724 283 -1 -1 -1 -1000 -1000 -1000 -10 1
56 4 Car -1 -1 2.57 235 179 290 202 -1 -1 -1 -1000 -1000 -1000 -10 1
57 0 Car -1 -1 2.57 556 180 617 226 -1 -1 -1 -1000 -1000 -1000 -10 1
57 3 Car -1 -1 2.57 596 171 716 277 -1 -1 -1 -1000 -1000 -1000 -10 1
57 4 Car -1 -1 2.57 231 180 277 203 -1 -1 -1 -1000 -1000 -1000 -10 1
58 0 Car -1 -1 2.57 555 180 615 224 -1 -1 -1 -1000 -1000 -1000 -10 1
58 3 Car -1 -1 2.57 595 169 711 269 -1 -1 -1 -1000 -1000 -1000 -10 1
58 4 Car -1 -1 2.57 228 180 274 203 -1 -1 -1 -1000 -1000 -1000 -10 1
58 5 Car -1 -1 2.57 183 180 234 210 -1 -1 -1 -1000 -1000 -1000 -10 1
59 0 Car -1 -1 2.57 555 179 603 223 -1 -1 -1 -1000 -1000 -1000 -10 1
59 3 Car -1 -1 2.57 592 167 697 274 -1 -1 -1 -1000 -1000 -1000 -10 1
59 4 Car -1 -1 2.57 223 180 269 202 -1 -1 -1 -1000 -1000 -1000 -10 1
59 5 Car -1 -1 2.57 183 180 234 210 -1 -1 -1 -1000 -1000 -1000 -10 1
60 0 Car -1 -1 2.57 554 178 619 225 -1 -1 -1 -1000 -1000 -1000 -10 1
60 3 Car -1 -1 2.57 591 168 696 273 -1 -1 -1 -1000 -1000 -1000 -10 1
60 4 Car -1 -1 2.57 218 179 268 202 -1 -1 -1 -1000 -1000 -1000 -10 1
60 5 Car -1 -1 2.57 158 181 210 208 -1 -1 -1 -1000 -1000 -1000 -10 1
61 0 Car -1 -1 2.57 552 180 613 225 -1 -1 -1 -1000 -1000 -1000 -10 1
61 3 Car -1 -1 2.57 589 171 687 266 -1 -1 -1 -1000 -1000 -1000 -10 1
61 4 Car -1 -1 2.57 214 179 262 202 -1 -1 -1 -1000 -1000 -1000 -10 1
61 5 Car -1 -1 2.57 146 179 207 210 -1 -1 -1 -1000 -1000 -1000 -10 1
61 6 Car -1 -1 2.57 369 169 398 193 -1 -1 -1 -1000 -1000 -1000 -10 1
62 0 Car -1 -1 2.57 549 180 607 222 -1 -1 -1 -1000 -1000 -1000 -10 1
62 3 Car -1 -1 2.57 589 172 679 265 -1 -1 -1 -1000 -1000 -1000 -10 1
62 4 Car -1 -1 2.57 203 178 253 203 -1 -1 -1 -1000 -1000 -1000 -10 1
62 5 Car -1 -1 2.57 137 180 201 210 -1 -1 -1 -1000 -1000 -1000 -10 1
62 6 Car -1 -1 2.57 367 165 395 192 -1 -1 -1 -1000 -1000 -1000 -10 1
63 0 Car -1 -1 2.57 543 179 602 220 -1 -1 -1 -1000 -1000 -1000 -10 1
63 3 Car -1 -1 2.57 579 169 683 264 -1 -1 -1 -1000 -1000 -1000 -10 1
63 4 Car -1 -1 2.57 196 177 248 203 -1 -1 -1 -1000 -1000 -1000 -10 1
63 5 Car -1 -1 2.57 129 178 196 209 -1 -1 -1 -1000 -1000 -1000 -10 1
63 6 Car -1 -1 2.57 366 165 394 192 -1 -1 -1 -1000 -1000 -1000 -10 1
64 0 Car -1 -1 2.57 545 171 609 223 -1 -1 -1 -1000 -1000 -1000 -10 1
64 3 Car -1 -1 2.57 579 170 667 260 -1 -1 -1 -1000 -1000 -1000 -10 1
64 4 Car -1 -1 2.57 186 177 247 203 -1 -1 -1 -1000 -1000 -1000 -10 1
64 5 Car -1 -1 2.57 113 180 183 209 -1 -1 -1 -1000 -1000 -1000 -10 1
64 6 Car -1 -1 2.57 348 161 393 189 -1 -1 -1 -1000 -1000 -1000 -10 1
65 0 Car -1 -1 2.57 541 178 601 220 -1 -1 -1 -1000 -1000 -1000 -10 1
65 3 Car -1 -1 2.57 567 170 662 261 -1 -1 -1 -1000 -1000 -1000 -10 1
65 4 Car -1 -1 2.57 179 178 236 206 -1 -1 -1 -1000 -1000 -1000 -10 1
65 5 Car -1 -1 2.57 94 178 172 214 -1 -1 -1 -1000 -1000 -1000 -10 1
65 6 Car -1 -1 2.57 349 167 384 191 -1 -1 -1 -1000 -1000 -1000 -10 1
66 0 Car -1 -1 2.57 540 182 595 221 -1 -1 -1 -1000 -1000 -1000 -10 1
66 3 Car -1 -1 2.57 572 171 658 260 -1 -1 -1 -1000 -1000 -1000 -10 1
66 4 Car -1 -1 2.57 172 181 238 209 -1 -1 -1 -1000 -1000 -1000 -10 1
66 5 Car -1 -1 2.57 83 184 159 217 -1 -1 -1 -1000 -1000 -1000 -10 1
66 6 Car -1 -1 2.57 346 170 380 197 -1 -1 -1 -1000 -1000 -1000 -10 1
67 0 Car -1 -1 2.57 534 186 589 226 -1 -1 -1 -1000 -1000 -1000 -10 1
67 3 Car -1 -1 2.57 559 173 653 260 -1 -1 -1 -1000 -1000 -1000 -10 1
67 4 Car -1 -1 2.57 156 184 223 211 -1 -1 -1 -1000 -1000 -1000 -10 1
67 5 Car -1 -1 2.57 67 186 140 223 -1 -1 -1 -1000 -1000 -1000 -10 1
67 6 Car -1 -1 2.57 341 175 376 198 -1 -1 -1 -1000 -1000 -1000 -10 1
68 0 Car -1 -1 2.57 540 185 586 227 -1 -1 -1 -1000 -1000 -1000 -10 1
68 3 Car -1 -1 2.57 566 174 646 256 -1 -1 -1 -1000 -1000 -1000 -10 1
68 4 Car -1 -1 2.57 148 183 220 210 -1 -1 -1 -1000 -1000 -1000 -10 1
68 5 Car -1 -1 2.57 56 186 132 220 -1 -1 -1 -1000 -1000 -1000 -10 1
68 6 Car -1 -1 2.57 339 172 373 200 -1 -1 -1 -1000 -1000 -1000 -10 1
69 0 Car -1 -1 2.57 541 183 584 217 -1 -1 -1 -1000 -1000 -1000 -10 1
69 3 Car -1 -1 2.57 561 171 644 252 -1 -1 -1 -1000 -1000 -1000 -10 1
69 4 Car -1 -1 2.57 135 180 206 210 -1 -1 -1 -1000 -1000 -1000 -10 1
69 5 Car -1 -1 2.57 39 184 118 221 -1 -1 -1 -1000 -1000 -1000 -10 1
69 6 Car -1 -1 2.57 325 172 360 195 -1 -1 -1 -1000 -1000 -1000 -10 1
70 0 Car -1 -1 2.57 536 178 582 217 -1 -1 -1 -1000 -1000 -1000 -10 1
70 3 Car -1 -1 2.57 563 169 639 248 -1 -1 -1 -1000 -1000 -1000 -10 1
70 4 Car -1 -1 2.57 123 175 202 208 -1 -1 -1 -1000 -1000 -1000 -10 1
70 5 Car -1 -1 2.57 20 183 111 216 -1 -1 -1 -1000 -1000 -1000 -10 1
70 6 Car -1 -1 2.57 319 166 354 194 -1 -1 -1 -1000 -1000 -1000 -10 1
71 0 Car -1 -1 2.57 532 177 578 216 -1 -1 -1 -1000 -1000 -1000 -10 1
71 3 Car -1 -1 2.57 555 168 634 250 -1 -1 -1 -1000 -1000 -1000 -10 1
71 4 Car -1 -1 2.57 116 174 187 208 -1 -1 -1 -1000 -1000 -1000 -10 1
71 5 Car -1 -1 2.57 12 172 96 221 -1 -1 -1 -1000 -1000 -1000 -10 1
71 6 Car -1 -1 2.57 308 163 357 195 -1 -1 -1 -1000 -1000 -1000 -10 1
72 0 Car -1 -1 2.57 528 176 574 215 -1 -1 -1 -1000 -1000 -1000 -10 1
72 3 Car -1 -1 2.57 560 166 628 247 -1 -1 -1 -1000 -1000 -1000 -10 1
72 4 Car -1 -1 2.57 103 178 159 209 -1 -1 -1 -1000 -1000 -1000 -10 1
72 5 Car -1 -1 2.57 1 172 80 218 -1 -1 -1 -1000 -1000 -1000 -10 1
72 6 Car -1 -1 2.57 302 167 337 195 -1 -1 -1 -1000 -1000 -1000 -10 1
73 0 Car -1 -1 2.57 524 175 570 214 -1 -1 -1 -1000 -1000 -1000 -10 1
73 3 Car -1 -1 2.57 553 170 625 245 -1 -1 -1 -1000 -1000 -1000 -10 1
73 4 Car -1 -1 2.57 108 177 175 212 -1 -1 -1 -1000 -1000 -1000 -10 1
73 5 Car -1 -1 2.57 3 170 54 222 -1 -1 -1 -1000 -1000 -1000 -10 1
73 6 Car -1 -1 2.57 291 170 333 197 -1 -1 -1 -1000 -1000 -1000 -10 1
74 3 Car -1 -1 2.57 552 168 622 246 -1 -1 -1 -1000 -1000 -1000 -10 1
74 4 Car -1 -1 2.57 78 179 159 213 -1 -1 -1 -1000 -1000 -1000 -10 1
74 5 Car -1 -1 2.57 0 178 30 221 -1 -1 -1 -1000 -1000 -1000 -10 1
74 6 Car -1 -1 2.57 280 168 336 200 -1 -1 -1 -1000 -1000 -1000 -10 1
75 3 Car -1 -1 2.57 546 174 619 243 -1 -1 -1 -1000 -1000 -1000 -10 1
75 4 Car -1 -1 2.57 268 173 321 202 -1 -1 -1 -1000 -1000 -1000 -10 1
75 5 Car -1 -1 2.57 58 180 149 212 -1 -1 -1 -1000 -1000 -1000 -10 1
75 6 Car -1 -1 2.57 276 169 332 201 -1 -1 -1 -1000 -1000 -1000 -10 1
76 3 Car -1 -1 2.57 542 171 618 243 -1 -1 -1 -1000 -1000 -1000 -10 1
76 4 Car -1 -1 2.57 258 170 316 201 -1 -1 -1 -1000 -1000 -1000 -10 1
76 5 Car -1 -1 2.57 48 178 150 212 -1 -1 -1 -1000 -1000 -1000 -10 1
77 3 Car -1 -1 2.57 546 172 622 243 -1 -1 -1 -1000 -1000 -1000 -10 1
77 4 Car -1 -1 2.57 249 166 302 201 -1 -1 -1 -1000 -1000 -1000 -10 1
77 5 Car -1 -1 2.57 37 175 138 214 -1 -1 -1 -1000 -1000 -1000 -10 1
78 3 Car -1 -1 2.57 550 176 618 241 -1 -1 -1 -1000 -1000 -1000 -10 1
78 4 Car -1 -1 2.57 226 166 296 202 -1 -1 -1 -1000 -1000 -1000 -10 1
78 5 Car -1 -1 2.57 13 176 128 215 -1 -1 -1 -1000 -1000 -1000 -10 1
79 3 Car -1 -1 2.57 550 173 616 240 -1 -1 -1 -1000 -1000 -1000 -10 1
79 4 Car -1 -1 2.57 213 164 284 203 -1 -1 -1 -1000 -1000 -1000 -10 1
79 5 Car -1 -1 2.57 0 175 109 216 -1 -1 -1 -1000 -1000 -1000 -10 1
80 3 Car -1 -1 2.57 550 174 617 237 -1 -1 -1 -1000 -1000 -1000 -10 1
80 4 Car -1 -1 2.57 193 163 275 202 -1 -1 -1 -1000 -1000 -1000 -10 1
80 5 Car -1 -1 2.57 3 174 94 213 -1 -1 -1 -1000 -1000 -1000 -10 1
80 7 Car -1 -1 2.57 334 173 387 192 -1 -1 -1 -1000 -1000 -1000 -10 1
81 3 Car -1 -1 2.57 552 175 617 231 -1 -1 -1 -1000 -1000 -1000 -10 1
81 4 Car -1 -1 2.57 180 163 244 204 -1 -1 -1 -1000 -1000 -1000 -10 1
81 5 Car -1 -1 2.57 4 172 104 215 -1 -1 -1 -1000 -1000 -1000 -10 1
81 7 Car -1 -1 2.57 336 174 363 190 -1 -1 -1 -1000 -1000 -1000 -10 1
82 3 Car -1 -1 2.57 551 169 611 237 -1 -1 -1 -1000 -1000 -1000 -10 1
82 4 Car -1 -1 2.57 147 161 237 206 -1 -1 -1 -1000 -1000 -1000 -10 1
82 5 Car -1 -1 2.57 10 172 85 213 -1 -1 -1 -1000 -1000 -1000 -10 1
82 7 Car -1 -1 2.57 335 174 362 190 -1 -1 -1 -1000 -1000 -1000 -10 1
83 3 Car -1 -1 2.57 557 171 619 235 -1 -1 -1 -1000 -1000 -1000 -10 1
83 4 Car -1 -1 2.57 121 162 215 208 -1 -1 -1 -1000 -1000 -1000 -10 1
83 5 Car -1 -1 2.57 1 173 56 217 -1 -1 -1 -1000 -1000 -1000 -10 1
83 7 Car -1 -1 2.57 334 174 361 190 -1 -1 -1 -1000 -1000 -1000 -10 1
84 3 Car -1 -1 2.57 559 173 616 239 -1 -1 -1 -1000 -1000 -1000 -10 1
84 4 Car -1 -1 2.57 56 136 201 213 -1 -1 -1 -1000 -1000 -1000 -10 1
84 5 Car -1 -1 2.57 82 168 162 215 -1 -1 -1 -1000 -1000 -1000 -10 1
84 7 Car -1 -1 2.57 329 173 385 190 -1 -1 -1 -1000 -1000 -1000 -10 1
85 3 Car -1 -1 2.57 560 172 616 235 -1 -1 -1 -1000 -1000 -1000 -10 1
85 4 Car -1 -1 2.57 35 153 158 209 -1 -1 -1 -1000 -1000 -1000 -10 1
85 5 Car -1 -1 2.57 84 167 164 214 -1 -1 -1 -1000 -1000 -1000 -10 1
85 7 Car -1 -1 2.57 336 169 389 188 -1 -1 -1 -1000 -1000 -1000 -10 1
86 3 Car -1 -1 2.57 558 171 619 234 -1 -1 -1 -1000 -1000 -1000 -10 1
86 4 Car -1 -1 2.57 5 163 137 210 -1 -1 -1 -1000 -1000 -1000 -10 1
86 7 Car -1 -1 2.57 337 169 390 188 -1 -1 -1 -1000 -1000 -1000 -10 1
87 3 Car -1 -1 2.57 556 170 617 233 -1 -1 -1 -1000 -1000 -1000 -10 1
87 4 Car -1 -1 2.57 -4 163 127 210 -1 -1 -1 -1000 -1000 -1000 -10 1
87 7 Car -1 -1 2.57 325 170 375 187 -1 -1 -1 -1000 -1000 -1000 -10 1
87 8 Car -1 -1 2.57 560 173 618 232 -1 -1 -1 -1000 -1000 -1000 -10 1
88 4 Car -1 -1 2.57 -14 164 117 211 -1 -1 -1 -1000 -1000 -1000 -10 1
88 7 Car -1 -1 2.57 326 169 370 188 -1 -1 -1 -1000 -1000 -1000 -10 1
88 8 Car -1 -1 2.57 561 172 617 232 -1 -1 -1 -1000 -1000 -1000 -10 1
89 7 Car -1 -1 2.57 315 169 360 188 -1 -1 -1 -1000 -1000 -1000 -10 1
89 8 Car -1 -1 2.57 560 171 623 229 -1 -1 -1 -1000 -1000 -1000 -10 1
90 7 Car -1 -1 2.57 317 169 355 186 -1 -1 -1 -1000 -1000 -1000 -10 1
90 8 Car -1 -1 2.57 558 172 621 228 -1 -1 -1 -1000 -1000 -1000 -10 1
91 7 Car -1 -1 2.57 313 169 353 187 -1 -1 -1 -1000 -1000 -1000 -10 1
91 8 Car -1 -1 2.57 561 171 622 228 -1 -1 -1 -1000 -1000 -1000 -10 1
92 7 Car -1 -1 2.57 307 169 347 189 -1 -1 -1 -1000 -1000 -1000 -10 1
92 8 Car -1 -1 2.57 560 172 622 226 -1 -1 -1 -1000 -1000 -1000 -10 1
93 7 Car -1 -1 2.57 300 170 345 190 -1 -1 -1 -1000 -1000 -1000 -10 1
93 8 Car -1 -1 2.57 564 174 617 225 -1 -1 -1 -1000 -1000 -1000 -10 1
93 9 Car -1 -1 2.57 332 170 366 189 -1 -1 -1 -1000 -1000 -1000 -10 1
94 7 Car -1 -1 2.57 298 170 343 190 -1 -1 -1 -1000 -1000 -1000 -10 1
94 8 Car -1 -1 2.57 564 170 619 229 -1 -1 -1 -1000 -1000 -1000 -10 1
94 9 Car -1 -1 2.57 297 167 339 191 -1 -1 -1 -1000 -1000 -1000 -10 1
95 7 Car -1 -1 2.57 295 170 335 190 -1 -1 -1 -1000 -1000 -1000 -10 1
95 8 Car -1 -1 2.57 565 173 616 227 -1 -1 -1 -1000 -1000 -1000 -10 1
95 9 Car -1 -1 2.57 352 170 372 187 -1 -1 -1 -1000 -1000 -1000 -10 1
96 7 Car -1 -1 2.57 290 167 337 190 -1 -1 -1 -1000 -1000 -1000 -10 1
96 8 Car -1 -1 2.57 565 174 618 227 -1 -1 -1 -1000 -1000 -1000 -10 1
96 9 Car -1 -1 2.57 353 170 373 187 -1 -1 -1 -1000 -1000 -1000 -10 1
97 7 Car -1 -1 2.57 282 166 329 188 -1 -1 -1 -1000 -1000 -1000 -10 1
97 8 Car -1 -1 2.57 564 170 617 222 -1 -1 -1 -1000 -1000 -1000 -10 1
97 9 Car -1 -1 2.57 354 170 374 187 -1 -1 -1 -1000 -1000 -1000 -10 1
98 7 Car -1 -1 2.57 311 166 346 187 -1 -1 -1 -1000 -1000 -1000 -10 1
98 8 Car -1 -1 2.57 566 167 614 225 -1 -1 -1 -1000 -1000 -1000 -10 1
98 9 Car -1 -1 2.57 273 165 322 189 -1 -1 -1 -1000 -1000 -1000 -10 1
99 7 Car -1 -1 2.57 310 166 345 187 -1 -1 -1 -1000 -1000 -1000 -10 1
99 8 Car -1 -1 2.57 562 170 620 225 -1 -1 -1 -1000 -1000 -1000 -10 1
99 9 Car -1 -1 2.57 268 167 315 191 -1 -1 -1 -1000 -1000 -1000 -10 1
100 7 Car -1 -1 2.57 310 165 345 186 -1 -1 -1 -1000 -1000 -1000 -10 1
100 8 Car -1 -1 2.57 565 175 616 227 -1 -1 -1 -1000 -1000 -1000 -10 1
100 9 Car -1 -1 2.57 262 169 314 193 -1 -1 -1 -1000 -1000 -1000 -10 1
101 7 Car -1 -1 2.57 309 165 344 186 -1 -1 -1 -1000 -1000 -1000 -10 1
101 8 Car -1 -1 2.57 565 175 617 227 -1 -1 -1 -1000 -1000 -1000 -10 1
101 9 Car -1 -1 2.57 255 168 308 195 -1 -1 -1 -1000 -1000 -1000 -10 1
102 7 Car -1 -1 2.57 308 165 343 186 -1 -1 -1 -1000 -1000 -1000 -10 1
102 8 Car -1 -1 2.57 565 176 617 228 -1 -1 -1 -1000 -1000 -1000 -10 1
102 9 Car -1 -1 2.57 247 171 302 195 -1 -1 -1 -1000 -1000 -1000 -10 1
103 7 Car -1 -1 2.57 312 174 344 192 -1 -1 -1 -1000 -1000 -1000 -10 1
103 8 Car -1 -1 2.57 569 179 615 225 -1 -1 -1 -1000 -1000 -1000 -10 1
103 9 Car -1 -1 2.57 236 171 297 199 -1 -1 -1 -1000 -1000 -1000 -10 1
104 7 Car -1 -1 2.57 227 174 290 201 -1 -1 -1 -1000 -1000 -1000 -10 1
104 8 Car -1 -1 2.57 565 178 620 225 -1 -1 -1 -1000 -1000 -1000 -10 1
104 9 Car -1 -1 2.57 308 177 343 196 -1 -1 -1 -1000 -1000 -1000 -10 1
105 7 Car -1 -1 2.57 222 175 285 202 -1 -1 -1 -1000 -1000 -1000 -10 1
105 8 Car -1 -1 2.57 568 177 617 225 -1 -1 -1 -1000 -1000 -1000 -10 1
105 9 Car -1 -1 2.57 275 176 332 197 -1 -1 -1 -1000 -1000 -1000 -10 1
106 7 Car -1 -1 2.57 278 174 333 197 -1 -1 -1 -1000 -1000 -1000 -10 1
106 8 Car -1 -1 2.57 571 178 614 221 -1 -1 -1 -1000 -1000 -1000 -10 1
106 9 Car -1 -1 2.57 273 176 330 197 -1 -1 -1 -1000 -1000 -1000 -10 1
107 7 Car -1 -1 2.57 277 175 332 197 -1 -1 -1 -1000 -1000 -1000 -10 1
107 8 Car -1 -1 2.57 572 176 616 223 -1 -1 -1 -1000 -1000 -1000 -10 1
107 9 Car -1 -1 2.57 256 174 300 202 -1 -1 -1 -1000 -1000 -1000 -10 1
107 10 Car -1 -1 2.57 73 162 146 195 -1 -1 -1 -1000 -1000 -1000 -10 1
108 7 Car -1 -1 2.57 283 174 321 194 -1 -1 -1 -1000 -1000 -1000 -10 1
108 8 Car -1 -1 2.57 574 176 622 224 -1 -1 -1 -1000 -1000 -1000 -10 1
108 9 Car -1 -1 2.57 244 174 297 198 -1 -1 -1 -1000 -1000 -1000 -10 1
108 10 Car -1 -1 2.57 201 170 252 199 -1 -1 -1 -1000 -1000 -1000 -10 1
109 7 Car -1 -1 2.57 281 175 319 195 -1 -1 -1 -1000 -1000 -1000 -10 1
109 8 Car -1 -1 2.57 575 173 620 221 -1 -1 -1 -1000 -1000 -1000 -10 1
109 9 Car -1 -1 2.57 173 173 247 202 -1 -1 -1 -1000 -1000 -1000 -10 1
109 10 Car -1 -1 2.57 232 172 285 198 -1 -1 -1 -1000 -1000 -1000 -10 1
110 7 Car -1 -1 2.57 224 172 282 200 -1 -1 -1 -1000 -1000 -1000 -10 1
110 8 Car -1 -1 2.57 573 173 623 220 -1 -1 -1 -1000 -1000 -1000 -10 1
110 9 Car -1 -1 2.57 269 176 312 196 -1 -1 -1 -1000 -1000 -1000 -10 1
110 10 Car -1 -1 2.57 174 173 236 201 -1 -1 -1 -1000 -1000 -1000 -10 1
111 7 Car -1 -1 2.57 262 175 307 198 -1 -1 -1 -1000 -1000 -1000 -10 1
111 8 Car -1 -1 2.57 575 175 617 218 -1 -1 -1 -1000 -1000 -1000 -10 1
111 9 Car -1 -1 2.57 157 173 227 203 -1 -1 -1 -1000 -1000 -1000 -10 1
111 10 Car -1 -1 2.57 216 173 267 199 -1 -1 -1 -1000 -1000 -1000 -10 1
112 7 Car -1 -1 2.57 255 176 304 198 -1 -1 -1 -1000 -1000 -1000 -10 1
112 8 Car -1 -1 2.57 576 177 620 216 -1 -1 -1 -1000 -1000 -1000 -10 1
112 9 Car -1 -1 2.57 140 174 210 205 -1 -1 -1 -1000 -1000 -1000 -10 1
112 10 Car -1 -1 2.57 206 175 259 202 -1 -1 -1 -1000 -1000 -1000 -10 1
113 7 Car -1 -1 2.57 254 178 286 200 -1 -1 -1 -1000 -1000 -1000 -10 1
113 8 Car -1 -1 2.57 573 177 619 220 -1 -1 -1 -1000 -1000 -1000 -10 1
113 9 Car -1 -1 2.57 123 176 204 210 -1 -1 -1 -1000 -1000 -1000 -10 1
113 10 Car -1 -1 2.57 195 177 252 205 -1 -1 -1 -1000 -1000 -1000 -10 1
114 7 Car -1 -1 2.57 185 178 243 207 -1 -1 -1 -1000 -1000 -1000 -10 1
114 8 Car -1 -1 2.57 574 177 621 221 -1 -1 -1 -1000 -1000 -1000 -10 1
114 9 Car -1 -1 2.57 104 177 195 211 -1 -1 -1 -1000 -1000 -1000 -10 1
114 10 Car -1 -1 2.57 231 178 285 204 -1 -1 -1 -1000 -1000 -1000 -10 1
115 7 Car -1 -1 2.57 175 180 239 207 -1 -1 -1 -1000 -1000 -1000 -10 1
115 8 Car -1 -1 2.57 581 181 620 220 -1 -1 -1 -1000 -1000 -1000 -10 1
115 9 Car -1 -1 2.57 92 177 181 213 -1 -1 -1 -1000 -1000 -1000 -10 1
115 10 Car -1 -1 2.57 224 177 277 205 -1 -1 -1 -1000 -1000 -1000 -10 1
116 7 Car -1 -1 2.57 70 177 162 210 -1 -1 -1 -1000 -1000 -1000 -10 1
116 8 Car -1 -1 2.57 579 180 623 218 -1 -1 -1 -1000 -1000 -1000 -10 1
116 9 Car -1 -1 2.57 150 177 219 209 -1 -1 -1 -1000 -1000 -1000 -10 1
116 10 Car -1 -1 2.57 211 178 264 204 -1 -1 -1 -1000 -1000 -1000 -10 1
117 7 Car -1 -1 2.57 55 175 151 211 -1 -1 -1 -1000 -1000 -1000 -10 1
117 8 Car -1 -1 2.57 580 177 621 216 -1 -1 -1 -1000 -1000 -1000 -10 1
117 9 Car -1 -1 2.57 178 175 254 204 -1 -1 -1 -1000 -1000 -1000 -10 1
117 10 Car -1 -1 2.57 145 174 215 206 -1 -1 -1 -1000 -1000 -1000 -10 1
118 7 Car -1 -1 2.57 25 175 118 213 -1 -1 -1 -1000 -1000 -1000 -10 1
118 8 Car -1 -1 2.57 579 176 621 215 -1 -1 -1 -1000 -1000 -1000 -10 1
118 9 Car -1 -1 2.57 118 172 205 208 -1 -1 -1 -1000 -1000 -1000 -10 1
118 10 Car -1 -1 2.57 181 174 250 205 -1 -1 -1 -1000 -1000 -1000 -10 1
119 7 Car -1 -1 2.57 8 176 103 217 -1 -1 -1 -1000 -1000 -1000 -10 1
119 8 Car -1 -1 2.57 579 177 616 215 -1 -1 -1 -1000 -1000 -1000 -10 1
119 9 Car -1 -1 2.57 118 176 183 209 -1 -1 -1 -1000 -1000 -1000 -10 1
119 10 Car -1 -1 2.57 184 174 253 205 -1 -1 -1 -1000 -1000 -1000 -10 1
120 7 Car -1 -1 2.57 75 178 178 218 -1 -1 -1 -1000 -1000 -1000 -10 1
120 8 Car -1 -1 2.57 575 180 616 216 -1 -1 -1 -1000 -1000 -1000 -10 1
120 9 Car -1 -1 2.57 4 178 88 219 -1 -1 -1 -1000 -1000 -1000 -10 1
120 10 Car -1 -1 2.57 193 180 234 207 -1 -1 -1 -1000 -1000 -1000 -10 1
120 11 Car -1 -1 2.57 373 179 399 195 -1 -1 -1 -1000 -1000 -1000 -10 1
121 7 Car -1 -1 2.57 68 179 171 219 -1 -1 -1 -1000 -1000 -1000 -10 1
121 8 Car -1 -1 2.57 579 179 620 216 -1 -1 -1 -1000 -1000 -1000 -10 1
121 9 Car -1 -1 2.57 2 181 55 220 -1 -1 -1 -1000 -1000 -1000 -10 1
121 10 Car -1 -1 2.57 156 180 219 209 -1 -1 -1 -1000 -1000 -1000 -10 1
121 11 Car -1 -1 2.57 372 179 393 195 -1 -1 -1 -1000 -1000 -1000 -10 1
122 7 Car -1 -1 2.57 130 181 212 211 -1 -1 -1 -1000 -1000 -1000 -10 1
122 8 Car -1 -1 2.57 578 179 616 217 -1 -1 -1 -1000 -1000 -1000 -10 1
122 9 Car -1 -1 2.57 -11 183 41 222 -1 -1 -1 -1000 -1000 -1000 -10 1
122 10 Car -1 -1 2.57 156 181 219 210 -1 -1 -1 -1000 -1000 -1000 -10 1
122 11 Car -1 -1 2.57 366 180 392 195 -1 -1 -1 -1000 -1000 -1000 -10 1
123 7 Car -1 -1 2.57 122 178 200 211 -1 -1 -1 -1000 -1000 -1000 -10 1
123 8 Car -1 -1 2.57 580 178 619 214 -1 -1 -1 -1000 -1000 -1000 -10 1
123 9 Car -1 -1 2.57 41 178 134 217 -1 -1 -1 -1000 -1000 -1000 -10 1
123 11 Car -1 -1 2.57 365 180 391 195 -1 -1 -1 -1000 -1000 -1000 -10 1
124 7 Car -1 -1 2.57 93 178 178 213 -1 -1 -1 -1000 -1000 -1000 -10 1
124 8 Car -1 -1 2.57 577 177 618 215 -1 -1 -1 -1000 -1000 -1000 -10 1
124 9 Car -1 -1 2.57 13 177 118 220 -1 -1 -1 -1000 -1000 -1000 -10 1
124 11 Car -1 -1 2.57 365 180 391 195 -1 -1 -1 -1000 -1000 -1000 -10 1
125 7 Car -1 -1 2.57 4 178 76 219 -1 -1 -1 -1000 -1000 -1000 -10 1
125 8 Car -1 -1 2.57 580 180 618 214 -1 -1 -1 -1000 -1000 -1000 -10 1
125 9 Car -1 -1 2.57 81 179 176 216 -1 -1 -1 -1000 -1000 -1000 -10 1
125 11 Car -1 -1 2.57 22 152 181 227 -1 -1 -1 -1000 -1000 -1000 -10 1
126 7 Car -1 -1 2.57 47 180 160 216 -1 -1 -1 -1000 -1000 -1000 -10 1
126 8 Car -1 -1 2.57 581 179 616 215 -1 -1 -1 -1000 -1000 -1000 -10 1
126 9 Car -1 -1 2.57 77 179 172 216 -1 -1 -1 -1000 -1000 -1000 -10 1
126 11 Car -1 -1 2.57 5 153 164 228 -1 -1 -1 -1000 -1000 -1000 -10 1
127 7 Car -1 -1 2.57 40 181 153 217 -1 -1 -1 -1000 -1000 -1000 -10 1
127 8 Car -1 -1 2.57 581 181 623 214 -1 -1 -1 -1000 -1000 -1000 -10 1
127 11 Car -1 -1 2.57 24 175 130 216 -1 -1 -1 -1000 -1000 -1000 -10 1
128 7 Car -1 -1 2.57 33 182 146 218 -1 -1 -1 -1000 -1000 -1000 -10 1
128 8 Car -1 -1 2.57 581 178 620 214 -1 -1 -1 -1000 -1000 -1000 -10 1
128 11 Car -1 -1 2.57 11 177 103 219 -1 -1 -1 -1000 -1000 -1000 -10 1
129 7 Car -1 -1 2.57 26 182 139 218 -1 -1 -1 -1000 -1000 -1000 -10 1
129 8 Car -1 -1 2.57 584 176 621 212 -1 -1 -1 -1000 -1000 -1000 -10 1
129 11 Car -1 -1 2.57 3 175 85 220 -1 -1 -1 -1000 -1000 -1000 -10 1
130 7 Car -1 -1 2.57 19 183 132 219 -1 -1 -1 -1000 -1000 -1000 -10 1
130 8 Car -1 -1 2.57 582 176 620 212 -1 -1 -1 -1000 -1000 -1000 -10 1
130 11 Car -1 -1 2.57 0 178 71 216 -1 -1 -1 -1000 -1000 -1000 -10 1
131 7 Car -1 -1 2.57 327 176 357 195 -1 -1 -1 -1000 -1000 -1000 -10 1
131 8 Car -1 -1 2.57 583 178 621 210 -1 -1 -1 -1000 -1000 -1000 -10 1
131 11 Car -1 -1 2.57 -16 180 55 218 -1 -1 -1 -1000 -1000 -1000 -10 1
132 7 Car -1 -1 2.57 326 175 357 194 -1 -1 -1 -1000 -1000 -1000 -10 1
132 8 Car -1 -1 2.57 582 178 619 211 -1 -1 -1 -1000 -1000 -1000 -10 1
133 7 Car -1 -1 2.57 324 175 353 195 -1 -1 -1 -1000 -1000 -1000 -10 1
133 8 Car -1 -1 2.57 581 175 620 213 -1 -1 -1 -1000 -1000 -1000 -10 1
134 7 Car -1 -1 2.57 313 175 353 195 -1 -1 -1 -1000 -1000 -1000 -10 1
134 8 Car -1 -1 2.57 584 173 624 211 -1 -1 -1 -1000 -1000 -1000 -10 1
135 7 Car -1 -1 2.57 305 174 347 194 -1 -1 -1 -1000 -1000 -1000 -10 1
135 8 Car -1 -1 2.57 589 173 628 210 -1 -1 -1 -1000 -1000 -1000 -10 1
136 7 Car -1 -1 2.57 307 174 339 194 -1 -1 -1 -1000 -1000 -1000 -10 1
136 8 Car -1 -1 2.57 588 171 623 209 -1 -1 -1 -1000 -1000 -1000 -10 1
137 7 Car -1 -1 2.57 298 171 341 192 -1 -1 -1 -1000 -1000 -1000 -10 1
137 8 Car -1 -1 2.57 585 167 626 206 -1 -1 -1 -1000 -1000 -1000 -10 1
138 7 Car -1 -1 2.57 285 171 328 191 -1 -1 -1 -1000 -1000 -1000 -10 1
138 8 Car -1 -1 2.57 588 167 623 205 -1 -1 -1 -1000 -1000 -1000 -10 1
139 7 Car -1 -1 2.57 275 172 322 196 -1 -1 -1 -1000 -1000 -1000 -10 1
139 8 Car -1 -1 2.57 588 170 624 208 -1 -1 -1 -1000 -1000 -1000 -10 1
140 7 Car -1 -1 2.57 274 176 327 200 -1 -1 -1 -1000 -1000 -1000 -10 1
140 8 Car -1 -1 2.57 582 176 625 210 -1 -1 -1 -1000 -1000 -1000 -10 1
141 7 Car -1 -1 2.57 256 177 321 204 -1 -1 -1 -1000 -1000 -1000 -10 1
141 8 Car -1 -1 2.57 582 178 625 213 -1 -1 -1 -1000 -1000 -1000 -10 1
142 7 Car -1 -1 2.57 257 177 322 204 -1 -1 -1 -1000 -1000 -1000 -10 1
142 8 Car -1 -1 2.57 585 176 625 215 -1 -1 -1 -1000 -1000 -1000 -10 1
143 7 Car -1 -1 2.57 259 177 324 204 -1 -1 -1 -1000 -1000 -1000 -10 1
143 8 Car -1 -1 2.57 585 176 625 213 -1 -1 -1 -1000 -1000 -1000 -10 1
