0 0 Car -1 -1 2.57 643 198 685 227 -1 -1 -1 -1000 -1000 -1000 -10 1
1 0 Car -1 -1 2.57 643 198 685 227 -1 -1 -1 -1000 -1000 -1000 -10 1
2 0 Car -1 -1 2.57 643 198 685 227 -1 -1 -1 -1000 -1000 -1000 -10 1
3 0 Car -1 -1 2.57 643 198 685 227 -1 -1 -1 -1000 -1000 -1000 -10 1
4 0 Car -1 -1 2.57 643 198 685 227 -1 -1 -1 -1000 -1000 -1000 -10 1
5 0 Car -1 -1 2.57 643 198 685 227 -1 -1 -1 -1000 -1000 -1000 -10 1
6 0 Car -1 -1 2.57 643 198 685 227 -1 -1 -1 -1000 -1000 -1000 -10 1
7 0 Car -1 -1 2.57 643 198 685 227 -1 -1 -1 -1000 -1000 -1000 -10 1
8 0 Car -1 -1 2.57 643 198 685 227 -1 -1 -1 -1000 -1000 -1000 -10 1
9 0 Car -1 -1 2.57 643 198 685 227 -1 -1 -1 -1000 -1000 -1000 -10 1
10 0 Car -1 -1 2.57 643 198 685 227 -1 -1 -1 -1000 -1000 -1000 -10 1
11 0 Car -1 -1 2.57 643 198 685 227 -1 -1 -1 -1000 -1000 -1000 -10 1
11 1 Car -1 -1 2.57 1195 119 1266 242 -1 -1 -1 -1000 -1000 -1000 -10 1
12 0 Car -1 -1 2.57 643 198 685 227 -1 -1 -1 -1000 -1000 -1000 -10 1
12 1 Car -1 -1 2.57 1195 119 1266 242 -1 -1 -1 -1000 -1000 -1000 -10 1
13 0 Car -1 -1 2.57 643 198 685 227 -1 -1 -1 -1000 -1000 -1000 -10 1
13 1 Car -1 -1 2.57 1195 119 1266 242 -1 -1 -1 -1000 -1000 -1000 -10 1
14 0 Car -1 -1 2.57 643 198 685 227 -1 -1 -1 -1000 -1000 -1000 -10 1
14 1 Car -1 -1 2.57 1195 119 1266 242 -1 -1 -1 -1000 -1000 -1000 -10 1
15 0 Car -1 -1 2.57 643 198 685 227 -1 -1 -1 -1000 -1000 -1000 -10 1
15 1 Car -1 -1 2.57 1195 119 1266 242 -1 -1 -1 -1000 -1000 -1000 -10 1
16 0 Car -1 -1 2.57 643 198 685 227 -1 -1 -1 -1000 -1000 -1000 -10 1
16 1 Car -1 -1 2.57 1195 119 1266 242 -1 -1 -1 -1000 -1000 -1000 -10 1
17 0 Car -1 -1 2.57 643 198 685 227 -1 -1 -1 -1000 -1000 -1000 -10 1
17 1 Car -1 -1 2.57 1195 119 1266 242 -1 -1 -1 -1000 -1000 -1000 -10 1
18 0 Car -1 -1 2.57 643 198 685 227 -1 -1 -1 -1000 -1000 -1000 -10 1
18 1 Car -1 -1 2.57 1195 119 1266 242 -1 -1 -1 -1000 -1000 -1000 -10 1
19 0 Car -1 -1 2.57 643 198 685 227 -1 -1 -1 -1000 -1000 -1000 -10 1
19 1 Car -1 -1 2.57 1195 119 1266 242 -1 -1 -1 -1000 -1000 -1000 -10 1
20 0 Car -1 -1 2.57 643 198 685 227 -1 -1 -1 -1000 -1000 -1000 -10 1
20 1 Car -1 -1 2.57 1195 119 1266 242 -1 -1 -1 -1000 -1000 -1000 -10 1
21 0 Car -1 -1 2.57 643 198 685 227 -1 -1 -1 -1000 -1000 -1000 -10 1
21 1 Car -1 -1 2.57 1195 119 1266 242 -1 -1 -1 -1000 -1000 -1000 -10 1
22 0 Car -1 -1 2.57 643 198 685 227 -1 -1 -1 -1000 -1000 -1000 -10 1
22 1 Car -1 -1 2.57 1195 119 1266 242 -1 -1 -1 -1000 -1000 -1000 -10 1
23 0 Car -1 -1 2.57 643 198 685 227 -1 -1 -1 -1000 -1000 -1000 -10 1
23 1 Car -1 -1 2.57 1195 119 1266 242 -1 -1 -1 -1000 -1000 -1000 -10 1
24 0 Car -1 -1 2.57 643 198 685 227 -1 -1 -1 -1000 -1000 -1000 -10 1
24 1 Car -1 -1 2.57 1195 119 1266 242 -1 -1 -1 -1000 -1000 -1000 -10 1
25 0 Car -1 -1 2.57 643 198 685 227 -1 -1 -1 -1000 -1000 -1000 -10 1
25 1 Car -1 -1 2.57 1195 119 1266 242 -1 -1 -1 -1000 -1000 -1000 -10 1
26 0 Car -1 -1 2.57 643 198 685 227 -1 -1 -1 -1000 -1000 -1000 -10 1
26 1 Car -1 -1 2.57 1195 119 1266 242 -1 -1 -1 -1000 -1000 -1000 -10 1
27 0 Car -1 -1 2.57 643 198 685 227 -1 -1 -1 -1000 -1000 -1000 -10 1
27 1 Car -1 -1 2.57 1195 119 1266 242 -1 -1 -1 -1000 -1000 -1000 -10 1
28 0 Car -1 -1 2.57 643 198 685 227 -1 -1 -1 -1000 -1000 -1000 -10 1
28 1 Car -1 -1 2.57 1195 119 1266 242 -1 -1 -1 -1000 -1000 -1000 -10 1
29 0 Car -1 -1 2.57 643 198 685 227 -1 -1 -1 -1000 -1000 -1000 -10 1
29 1 Car -1 -1 2.57 1195 119 1266 242 -1 -1 -1 -1000 -1000 -1000 -10 1
30 0 Car -1 -1 2.57 643 198 685 227 -1 -1 -1 -1000 -1000 -1000 -10 1
30 1 Car -1 -1 2.57 1195 119 1266 242 -1 -1 -1 -1000 -1000 -1000 -10 1
31 0 Car -1 -1 2.57 643 198 685 227 -1 -1 -1 -1000 -1000 -1000 -10 1
31 1 Car -1 -1 2.57 1195 119 1266 242 -1 -1 -1 -1000 -1000 -1000 -10 1
32 0 Car -1 -1 2.57 643 198 685 227 -1 -1 -1 -1000 -1000 -1000 -10 1
32 1 Car -1 -1 2.57 1195 119 1266 242 -1 -1 -1 -1000 -1000 -1000 -10 1
33 0 Car -1 -1 2.57 643 198 685 227 -1 -1 -1 -1000 -1000 -1000 -10 1
33 1 Car -1 -1 2.57 1195 119 1266 242 -1 -1 -1 -1000 -1000 -1000 -10 1
34 0 Car -1 -1 2.57 643 198 685 227 -1 -1 -1 -1000 -1000 -1000 -10 1
34 1 Car -1 -1 2.57 1195 119 1266 242 -1 -1 -1 -1000 -1000 -1000 -10 1
35 0 Car -1 -1 2.57 643 198 685 227 -1 -1 -1 -1000 -1000 -1000 -10 1
35 1 Car -1 -1 2.57 1195 119 1266 242 -1 -1 -1 -1000 -1000 -1000 -10 1
36 0 Car -1 -1 2.57 643 198 685 227 -1 -1 -1 -1000 -1000 -1000 -10 1
36 1 Car -1 -1 2.57 1195 119 1266 242 -1 -1 -1 -1000 -1000 -1000 -10 1
37 0 Car -1 -1 2.57 643 198 685 227 -1 -1 -1 -1000 -1000 -1000 -10 1
37 1 Car -1 -1 2.57 1195 119 1266 242 -1 -1 -1 -1000 -1000 -1000 -10 1
38 0 Car -1 -1 2.57 643 198 685 227 -1 -1 -1 -1000 -1000 -1000 -10 1
38 1 Car -1 -1 2.57 1195 119 1266 242 -1 -1 -1 -1000 -1000 -1000 -10 1
38 2 Car -1 -1 2.57 782 186 984 305 -1 -1 -1 -1000 -1000 -1000 -10 1
39 0 Car -1 -1 2.57 643 198 685 227 -1 -1 -1 -1000 -1000 -1000 -10 1
39 1 Car -1 -1 2.57 1195 119 1266 242 -1 -1 -1 -1000 -1000 -1000 -10 1
39 2 Car -1 -1 2.57 782 186 984 305 -1 -1 -1 -1000 -1000 -1000 -10 1
40 0 Car -1 -1 2.57 643 198 685 227 -1 -1 -1 -1000 -1000 -1000 -10 1
40 1 Car -1 -1 2.57 1195 119 1266 242 -1 -1 -1 -1000 -1000 -1000 -10 1
40 2 Car -1 -1 2.57 782 186 984 305 -1 -1 -1 -1000 -1000 -1000 -10 1
41 0 Car -1 -1 2.57 643 198 685 227 -1 -1 -1 -1000 -1000 -1000 -10 1
41 1 Car -1 -1 2.57 1195 119 1266 242 -1 -1 -1 -1000 -1000 -1000 -10 1
41 2 Car -1 -1 2.57 782 186 984 305 -1 -1 -1 -1000 -1000 -1000 -10 1
42 0 Car -1 -1 2.57 643 198 685 227 -1 -1 -1 -1000 -1000 -1000 -10 1
42 1 Car -1 -1 2.57 1195 119 1266 242 -1 -1 -1 -1000 -1000 -1000 -10 1
42 2 Car -1 -1 2.57 782 186 984 305 -1 -1 -1 -1000 -1000 -1000 -10 1
43 0 Car -1 -1 2.57 643 198 685 227 -1 -1 -1 -1000 -1000 -1000 -10 1
43 1 Car -1 -1 2.57 1195 119 1266 242 -1 -1 -1 -1000 -1000 -1000 -10 1
43 2 Car -1 -1 2.57 782 186 984 305 -1 -1 -1 -1000 -1000 -1000 -10 1
44 0 Car -1 -1 2.57 643 198 685 227 -1 -1 -1 -1000 -1000 -1000 -10 1
44 1 Car -1 -1 2.57 1195 119 1266 242 -1 -1 -1 -1000 -1000 -1000 -10 1
44 2 Car -1 -1 2.57 782 186 984 305 -1 -1 -1 -1000 -1000 -1000 -10 1
45 0 Car -1 -1 2.57 643 198 685 227 -1 -1 -1 -1000 -1000 -1000 -10 1
45 1 Car -1 -1 2.57 1195 119 1266 242 -1 -1 -1 -1000 -1000 -1000 -10 1
45 2 Car -1 -1 2.57 782 186 984 305 -1 -1 -1 -1000 -1000 -1000 -10 1
46 0 Car -1 -1 2.57 643 198 685 227 -1 -1 -1 -1000 -1000 -1000 -10 1
46 1 Car -1 -1 2.57 1195 119 1266 242 -1 -1 -1 -1000 -1000 -1000 -10 1
46 2 Car -1 -1 2.57 782 186 984 305 -1 -1 -1 -1000 -1000 -1000 -10 1
47 0 Car -1 -1 2.57 643 198 685 227 -1 -1 -1 -1000 -1000 -1000 -10 1
47 1 Car -1 -1 2.57 1195 119 1266 242 -1 -1 -1 -1000 -1000 -1000 -10 1
47 2 Car -1 -1 2.57 782 186 984 305 -1 -1 -1 -1000 -1000 -1000 -10 1
48 0 Car -1 -1 2.57 643 198 685 227 -1 -1 -1 -1000 -1000 -1000 -10 1
48 1 Car -1 -1 2.57 1195 119 1266 242 -1 -1 -1 -1000 -1000 -1000 -10 1
48 2 Car -1 -1 2.57 782 186 984 305 -1 -1 -1 -1000 -1000 -1000 -10 1
49 0 Car -1 -1 2.57 643 198 685 227 -1 -1 -1 -1000 -1000 -1000 -10 1
49 1 Car -1 -1 2.57 1195 119 1266 242 -1 -1 -1 -1000 -1000 -1000 -10 1
49 2 Car -1 -1 2.57 782 186 984 305 -1 -1 -1 -1000 -1000 -1000 -10 1
50 0 Car -1 -1 2.57 643 198 685 227 -1 -1 -1 -1000 -1000 -1000 -10 1
50 1 Car -1 -1 2.57 1195 119 1266 242 -1 -1 -1 -1000 -1000 -1000 -10 1
50 2 Car -1 -1 2.57 782 186 984 305 -1 -1 -1 -1000 -1000 -1000 -10 1
51 0 Car -1 -1 2.57 643 198 685 227 -1 -1 -1 -1000 -1000 -1000 -10 1
51 1 Car -1 -1 2.57 1195 119 1266 242 -1 -1 -1 -1000 -1000 -1000 -10 1
51 2 Car -1 -1 2.57 782 186 984 305 -1 -1 -1 -1000 -1000 -1000 -10 1
52 0 Car -1 -1 2.57 643 198 685 227 -1 -1 -1 -1000 -1000 -1000 -10 1
52 1 Car -1 -1 2.57 1195 119 1266 242 -1 -1 -1 -1000 -1000 -1000 -10 1
52 2 Car -1 -1 2.57 782 186 984 305 -1 -1 -1 -1000 -1000 -1000 -10 1
53 0 Car -1 -1 2.57 643 198 685 227 -1 -1 -1 -1000 -1000 -1000 -10 1
53 1 Car -1 -1 2.57 1195 119 1266 242 -1 -1 -1 -1000 -1000 -1000 -10 1
53 2 Car -1 -1 2.57 782 186 984 305 -1 -1 -1 -1000 -1000 -1000 -10 1
54 0 Car -1 -1 2.57 643 198 685 227 -1 -1 -1 -1000 -1000 -1000 -10 1
54 1 Car -1 -1 2.57 1195 119 1266 242 -1 -1 -1 -1000 -1000 -1000 -10 1
54 2 Car -1 -1 2.57 782 186 984 305 -1 -1 -1 -1000 -1000 -1000 -10 1
54 3 Car -1 -1 2.57 1108 141 1242 282 -1 -1 -1 -1000 -1000 -1000 -10 1
55 0 Car -1 -1 2.57 643 198 685 227 -1 -1 -1 -1000 -1000 -1000 -10 1
55 1 Car -1 -1 2.57 1195 119 1266 242 -1 -1 -1 -1000 -1000 -1000 -10 1
55 2 Car -1 -1 2.57 782 186 984 305 -1 -1 -1 -1000 -1000 -1000 -10 1
55 3 Car -1 -1 2.57 1108 141 1242 282 -1 -1 -1 -1000 -1000 -1000 -10 1
56 0 Car -1 -1 2.57 643 198 685 227 -1 -1 -1 -1000 -1000 -1000 -10 1
56 1 Car -1 -1 2.57 1195 119 1266 242 -1 -1 -1 -1000 -1000 -1000 -10 1
56 2 Car -1 -1 2.57 782 186 984 305 -1 -1 -1 -1000 -1000 -1000 -10 1
56 3 Car -1 -1 2.57 1108 141 1242 282 -1 -1 -1 -1000 -1000 -1000 -10 1
56 4 Car -1 -1 2.57 525 186 594 220 -1 -1 -1 -1000 -1000 -1000 -10 1
57 0 Car -1 -1 2.57 643 198 685 227 -1 -1 -1 -1000 -1000 -1000 -10 1
57 1 Car -1 -1 2.57 1195 119 1266 242 -1 -1 -1 -1000 -1000 -1000 -10 1
57 2 Car -1 -1 2.57 782 186 984 305 -1 -1 -1 -1000 -1000 -1000 -10 1
57 3 Car -1 -1 2.57 1108 141 1242 282 -1 -1 -1 -1000 -1000 -1000 -10 1
57 4 Car -1 -1 2.57 525 186 594 220 -1 -1 -1 -1000 -1000 -1000 -10 1
58 0 Car -1 -1 2.57 643 198 685 227 -1 -1 -1 -1000 -1000 -1000 -10 1
58 1 Car -1 -1 2.57 1195 119 1266 242 -1 -1 -1 -1000 -1000 -1000 -10 1
58 2 Car -1 -1 2.57 782 186 984 305 -1 -1 -1 -1000 -1000 -1000 -10 1
58 3 Car -1 -1 2.57 1108 141 1242 282 -1 -1 -1 -1000 -1000 -1000 -10 1
58 4 Car -1 -1 2.57 525 186 594 220 -1 -1 -1 -1000 -1000 -1000 -10 1
59 0 Car -1 -1 2.57 643 198 685 227 -1 -1 -1 -1000 -1000 -1000 -10 1
59 2 Car -1 -1 2.57 782 186 984 305 -1 -1 -1 -1000 -1000 -1000 -10 1
59 3 Car -1 -1 2.57 1108 141 1242 282 -1 -1 -1 -1000 -1000 -1000 -10 1
59 4 Car -1 -1 2.57 525 186 594 220 -1 -1 -1 -1000 -1000 -1000 -10 1
60 0 Car -1 -1 2.57 643 198 685 227 -1 -1 -1 -1000 -1000 -1000 -10 1
60 2 Car -1 -1 2.57 782 186 984 305 -1 -1 -1 -1000 -1000 -1000 -10 1
60 3 Car -1 -1 2.57 1108 141 1242 282 -1 -1 -1 -1000 -1000 -1000 -10 1
60 4 Car -1 -1 2.57 525 186 594 220 -1 -1 -1 -1000 -1000 -1000 -10 1
61 0 Car -1 -1 2.57 643 198 685 227 -1 -1 -1 -1000 -1000 -1000 -10 1
61 2 Car -1 -1 2.57 782 186 984 305 -1 -1 -1 -1000 -1000 -1000 -10 1
61 3 Car -1 -1 2.57 1108 141 1242 282 -1 -1 -1 -1000 -1000 -1000 -10 1
61 4 Car -1 -1 2.57 525 186 594 220 -1 -1 -1 -1000 -1000 -1000 -10 1
62 0 Car -1 -1 2.57 643 198 685 227 -1 -1 -1 -1000 -1000 -1000 -10 1
62 2 Car -1 -1 2.57 782 186 984 305 -1 -1 -1 -1000 -1000 -1000 -10 1
62 3 Car -1 -1 2.57 1108 141 1242 282 -1 -1 -1 -1000 -1000 -1000 -10 1
62 4 Car -1 -1 2.57 525 186 594 220 -1 -1 -1 -1000 -1000 -1000 -10 1
63 2 Car -1 -1 2.57 782 186 984 305 -1 -1 -1 -1000 -1000 -1000 -10 1
63 3 Car -1 -1 2.57 1108 141 1242 282 -1 -1 -1 -1000 -1000 -1000 -10 1
63 4 Car -1 -1 2.57 525 186 594 220 -1 -1 -1 -1000 -1000 -1000 -10 1
64 2 Car -1 -1 2.57 782 186 984 305 -1 -1 -1 -1000 -1000 -1000 -10 1
64 3 Car -1 -1 2.57 1108 141 1242 282 -1 -1 -1 -1000 -1000 -1000 -10 1
64 4 Car -1 -1 2.57 525 186 594 220 -1 -1 -1 -1000 -1000 -1000 -10 1
65 2 Car -1 -1 2.57 782 186 984 305 -1 -1 -1 -1000 -1000 -1000 -10 1
65 3 Car -1 -1 2.57 1108 141 1242 282 -1 -1 -1 -1000 -1000 -1000 -10 1
65 4 Car -1 -1 2.57 525 186 594 220 -1 -1 -1 -1000 -1000 -1000 -10 1
66 2 Car -1 -1 2.57 782 186 984 305 -1 -1 -1 -1000 -1000 -1000 -10 1
66 3 Car -1 -1 2.57 1108 141 1242 282 -1 -1 -1 -1000 -1000 -1000 -10 1
66 4 Car -1 -1 2.57 525 186 594 220 -1 -1 -1 -1000 -1000 -1000 -10 1
67 2 Car -1 -1 2.57 782 186 984 305 -1 -1 -1 -1000 -1000 -1000 -10 1
67 3 Car -1 -1 2.57 1108 141 1242 282 -1 -1 -1 -1000 -1000 -1000 -10 1
67 4 Car -1 -1 2.57 525 186 594 220 -1 -1 -1 -1000 -1000 -1000 -10 1
68 2 Car -1 -1 2.57 782 186 984 305 -1 -1 -1 -1000 -1000 -1000 -10 1
68 3 Car -1 -1 2.57 1108 141 1242 282 -1 -1 -1 -1000 -1000 -1000 -10 1
68 4 Car -1 -1 2.57 525 186 594 220 -1 -1 -1 -1000 -1000 -1000 -10 1
69 2 Car -1 -1 2.57 782 186 984 305 -1 -1 -1 -1000 -1000 -1000 -10 1
69 3 Car -1 -1 2.57 1108 141 1242 282 -1 -1 -1 -1000 -1000 -1000 -10 1
69 4 Car -1 -1 2.57 525 186 594 220 -1 -1 -1 -1000 -1000 -1000 -10 1
70 2 Car -1 -1 2.57 782 186 984 305 -1 -1 -1 -1000 -1000 -1000 -10 1
70 4 Car -1 -1 2.57 525 186 594 220 -1 -1 -1 -1000 -1000 -1000 -10 1
71 2 Car -1 -1 2.57 782 186 984 305 -1 -1 -1 -1000 -1000 -1000 -10 1
71 4 Car -1 -1 2.57 525 186 594 220 -1 -1 -1 -1000 -1000 -1000 -10 1
72 2 Car -1 -1 2.57 782 186 984 305 -1 -1 -1 -1000 -1000 -1000 -10 1
72 4 Car -1 -1 2.57 525 186 594 220 -1 -1 -1 -1000 -1000 -1000 -10 1
73 2 Car -1 -1 2.57 782 186 984 305 -1 -1 -1 -1000 -1000 -1000 -10 1
73 4 Car -1 -1 2.57 525 186 594 220 -1 -1 -1 -1000 -1000 -1000 -10 1
74 2 Car -1 -1 2.57 782 186 984 305 -1 -1 -1 -1000 -1000 -1000 -10 1
74 4 Car -1 -1 2.57 525 186 594 220 -1 -1 -1 -1000 -1000 -1000 -10 1
75 2 Car -1 -1 2.57 782 186 984 305 -1 -1 -1 -1000 -1000 -1000 -10 1
75 4 Car -1 -1 2.57 525 186 594 220 -1 -1 -1 -1000 -1000 -1000 -10 1
76 2 Car -1 -1 2.57 782 186 984 305 -1 -1 -1 -1000 -1000 -1000 -10 1
76 4 Car -1 -1 2.57 525 186 594 220 -1 -1 -1 -1000 -1000 -1000 -10 1
77 2 Car -1 -1 2.57 782 186 984 305 -1 -1 -1 -1000 -1000 -1000 -10 1
77 4 Car -1 -1 2.57 525 186 594 220 -1 -1 -1 -1000 -1000 -1000 -10 1
78 2 Car -1 -1 2.57 782 186 984 305 -1 -1 -1 -1000 -1000 -1000 -10 1
78 4 Car -1 -1 2.57 525 186 594 220 -1 -1 -1 -1000 -1000 -1000 -10 1
79 2 Car -1 -1 2.57 782 186 984 305 -1 -1 -1 -1000 -1000 -1000 -10 1
79 4 Car -1 -1 2.57 525 186 594 220 -1 -1 -1 -1000 -1000 -1000 -10 1
80 2 Car -1 -1 2.57 782 186 984 305 -1 -1 -1 -1000 -1000 -1000 -10 1
80 4 Car -1 -1 2.57 525 186 594 220 -1 -1 -1 -1000 -1000 -1000 -10 1
81 2 Car -1 -1 2.57 782 186 984 305 -1 -1 -1 -1000 -1000 -1000 -10 1
81 4 Car -1 -1 2.57 525 186 594 220 -1 -1 -1 -1000 -1000 -1000 -10 1
82 2 Car -1 -1 2.57 782 186 984 305 -1 -1 -1 -1000 -1000 -1000 -10 1
83 2 Car -1 -1 2.57 782 186 984 305 -1 -1 -1 -1000 -1000 -1000 -10 1
84 2 Car -1 -1 2.57 782 186 984 305 -1 -1 -1 -1000 -1000 -1000 -10 1
84 5 Car -1 -1 2.57 781 166 1097 366 -1 -1 -1 -1000 -1000 -1000 -10 1
85 2 Car -1 -1 2.57 782 186 984 305 -1 -1 -1 -1000 -1000 -1000 -10 1
85 5 Car -1 -1 2.57 781 166 1097 366 -1 -1 -1 -1000 -1000 -1000 -10 1
86 2 Car -1 -1 2.57 782 186 984 305 -1 -1 -1 -1000 -1000 -1000 -10 1
86 5 Car -1 -1 2.57 781 166 1097 366 -1 -1 -1 -1000 -1000 -1000 -10 1
87 2 Car -1 -1 2.57 782 186 984 305 -1 -1 -1 -1000 -1000 -1000 -10 1
87 5 Car -1 -1 2.57 781 166 1097 366 -1 -1 -1 -1000 -1000 -1000 -10 1
88 2 Car -1 -1 2.57 782 186 984 305 -1 -1 -1 -1000 -1000 -1000 -10 1
88 5 Car -1 -1 2.57 781 166 1097 366 -1 -1 -1 -1000 -1000 -1000 -10 1
89 2 Car -1 -1 2.57 782 186 984 305 -1 -1 -1 -1000 -1000 -1000 -10 1
89 5 Car -1 -1 2.57 781 166 1097 366 -1 -1 -1 -1000 -1000 -1000 -10 1
90 2 Car -1 -1 2.57 782 186 984 305 -1 -1 -1 -1000 -1000 -1000 -10 1
90 5 Car -1 -1 2.57 781 166 1097 366 -1 -1 -1 -1000 -1000 -1000 -10 1
90 6 Car -1 -1 2.57 477 111 708 168 -1 -1 -1 -1000 -1000 -1000 -10 1
91 2 Car -1 -1 2.57 782 186 984 305 -1 -1 -1 -1000 -1000 -1000 -10 1
91 5 Car -1 -1 2.57 781 166 1097 366 -1 -1 -1 -1000 -1000 -1000 -10 1
91 6 Car -1 -1 2.57 477 111 708 168 -1 -1 -1 -1000 -1000 -1000 -10 1
91 7 Car -1 -1 2.57 1135 164 1255 362 -1 -1 -1 -1000 -1000 -1000 -10 1
92 2 Car -1 -1 2.57 782 186 984 305 -1 -1 -1 -1000 -1000 -1000 -10 1
92 5 Car -1 -1 2.57 781 166 1097 366 -1 -1 -1 -1000 -1000 -1000 -10 1
92 6 Car -1 -1 2.57 477 111 708 168 -1 -1 -1 -1000 -1000 -1000 -10 1
92 7 Car -1 -1 2.57 1135 164 1255 362 -1 -1 -1 -1000 -1000 -1000 -10 1
93 2 Car -1 -1 2.57 782 186 984 305 -1 -1 -1 -1000 -1000 -1000 -10 1
93 5 Car -1 -1 2.57 781 166 1097 366 -1 -1 -1 -1000 -1000 -1000 -10 1
93 6 Car -1 -1 2.57 477 111 708 168 -1 -1 -1 -1000 -1000 -1000 -10 1
93 7 Car -1 -1 2.57 1135 164 1255 362 -1 -1 -1 -1000 -1000 -1000 -10 1
93 8 Car -1 -1 2.57 -18 178 25 208 -1 -1 -1 -1000 -1000 -1000 -10 1
94 2 Car -1 -1 2.57 782 186 984 305 -1 -1 -1 -1000 -1000 -1000 -10 1
94 5 Car -1 -1 2.57 781 166 1097 366 -1 -1 -1 -1000 -1000 -1000 -10 1
94 6 Car -1 -1 2.57 477 111 708 168 -1 -1 -1 -1000 -1000 -1000 -10 1
94 7 Car -1 -1 2.57 1135 164 1255 362 -1 -1 -1 -1000 -1000 -1000 -10 1
94 8 Car -1 -1 2.57 -18 178 25 208 -1 -1 -1 -1000 -1000 -1000 -10 1
95 2 Car -1 -1 2.57 782 186 984 305 -1 -1 -1 -1000 -1000 -1000 -10 1
95 5 Car -1 -1 2.57 781 166 1097 366 -1 -1 -1 -1000 -1000 -1000 -10 1
95 6 Car -1 -1 2.57 477 111 708 168 -1 -1 -1 -1000 -1000 -1000 -10 1
95 7 Car -1 -1 2.57 1135 164 1255 362 -1 -1 -1 -1000 -1000 -1000 -10 1
95 8 Car -1 -1 2.57 -18 178 25 208 -1 -1 -1 -1000 -1000 -1000 -10 1
96 2 Car -1 -1 2.57 782 186 984 305 -1 -1 -1 -1000 -1000 -1000 -10 1
96 5 Car -1 -1 2.57 781 166 1097 366 -1 -1 -1 -1000 -1000 -1000 -10 1
96 7 Car -1 -1 2.57 1135 164 1255 362 -1 -1 -1 -1000 -1000 -1000 -10 1
96 8 Car -1 -1 2.57 -18 178 25 208 -1 -1 -1 -1000 -1000 -1000 -10 1
97 2 Car -1 -1 2.57 782 186 984 305 -1 -1 -1 -1000 -1000 -1000 -10 1
97 5 Car -1 -1 2.57 781 166 1097 366 -1 -1 -1 -1000 -1000 -1000 -10 1
97 7 Car -1 -1 2.57 1135 164 1255 362 -1 -1 -1 -1000 -1000 -1000 -10 1
97 8 Car -1 -1 2.57 -18 178 25 208 -1 -1 -1 -1000 -1000 -1000 -10 1
98 2 Car -1 -1 2.57 782 186 984 305 -1 -1 -1 -1000 -1000 -1000 -10 1
98 5 Car -1 -1 2.57 781 166 1097 366 -1 -1 -1 -1000 -1000 -1000 -10 1
98 7 Car -1 -1 2.57 1135 164 1255 362 -1 -1 -1 -1000 -1000 -1000 -10 1
98 8 Car -1 -1 2.57 -18 178 25 208 -1 -1 -1 -1000 -1000 -1000 -10 1
99 2 Car -1 -1 2.57 782 186 984 305 -1 -1 -1 -1000 -1000 -1000 -10 1
99 5 Car -1 -1 2.57 781 166 1097 366 -1 -1 -1 -1000 -1000 -1000 -10 1
99 7 Car -1 -1 2.57 1135 164 1255 362 -1 -1 -1 -1000 -1000 -1000 -10 1
99 8 Car -1 -1 2.57 -18 178 25 208 -1 -1 -1 -1000 -1000 -1000 -10 1
100 2 Car -1 -1 2.57 782 186 984 305 -1 -1 -1 -1000 -1000 -1000 -10 1
100 5 Car -1 -1 2.57 781 166 1097 366 -1 -1 -1 -1000 -1000 -1000 -10 1
100 7 Car -1 -1 2.57 1135 164 1255 362 -1 -1 -1 -1000 -1000 -1000 -10 1
100 8 Car -1 -1 2.57 -18 178 25 208 -1 -1 -1 -1000 -1000 -1000 -10 1
100 9 Car -1 -1 2.57 925 188 1228 375 -1 -1 -1 -1000 -1000 -1000 -10 1
101 2 Car -1 -1 2.57 782 186 984 305 -1 -1 -1 -1000 -1000 -1000 -10 1
101 5 Car -1 -1 2.57 781 166 1097 366 -1 -1 -1 -1000 -1000 -1000 -10 1
101 7 Car -1 -1 2.57 1135 164 1255 362 -1 -1 -1 -1000 -1000 -1000 -10 1
101 9 Car -1 -1 2.57 925 188 1228 375 -1 -1 -1 -1000 -1000 -1000 -10 1
101 10 Car -1 -1 2.57 677 175 836 278 -1 -1 -1 -1000 -1000 -1000 -10 1
102 2 Car -1 -1 2.57 782 186 984 305 -1 -1 -1 -1000 -1000 -1000 -10 1
102 5 Car -1 -1 2.57 781 166 1097 366 -1 -1 -1 -1000 -1000 -1000 -10 1
102 7 Car -1 -1 2.57 1135 164 1255 362 -1 -1 -1 -1000 -1000 -1000 -10 1
102 9 Car -1 -1 2.57 925 188 1228 375 -1 -1 -1 -1000 -1000 -1000 -10 1
102 10 Car -1 -1 2.57 677 175 836 278 -1 -1 -1 -1000 -1000 -1000 -10 1
103 2 Car -1 -1 2.57 782 186 984 305 -1 -1 -1 -1000 -1000 -1000 -10 1
103 5 Car -1 -1 2.57 781 166 1097 366 -1 -1 -1 -1000 -1000 -1000 -10 1
103 7 Car -1 -1 2.57 1135 164 1255 362 -1 -1 -1 -1000 -1000 -1000 -10 1
103 9 Car -1 -1 2.57 925 188 1228 375 -1 -1 -1 -1000 -1000 -1000 -10 1
103 10 Car -1 -1 2.57 677 175 836 278 -1 -1 -1 -1000 -1000 -1000 -10 1
103 11 Car -1 -1 2.57 460 173 525 203 -1 -1 -1 -1000 -1000 -1000 -10 1
104 2 Car -1 -1 2.57 782 186 984 305 -1 -1 -1 -1000 -1000 -1000 -10 1
104 5 Car -1 -1 2.57 781 166 1097 366 -1 -1 -1 -1000 -1000 -1000 -10 1
104 7 Car -1 -1 2.57 1135 164 1255 362 -1 -1 -1 -1000 -1000 -1000 -10 1
104 9 Car -1 -1 2.57 925 188 1228 375 -1 -1 -1 -1000 -1000 -1000 -10 1
104 10 Car -1 -1 2.57 677 175 836 278 -1 -1 -1 -1000 -1000 -1000 -10 1
104 11 Car -1 -1 2.57 460 173 525 203 -1 -1 -1 -1000 -1000 -1000 -10 1
105 2 Car -1 -1 2.57 782 186 984 305 -1 -1 -1 -1000 -1000 -1000 -10 1
105 5 Car -1 -1 2.57 781 166 1097 366 -1 -1 -1 -1000 -1000 -1000 -10 1
105 7 Car -1 -1 2.57 1135 164 1255 362 -1 -1 -1 -1000 -1000 -1000 -10 1
105 9 Car -1 -1 2.57 925 188 1228 375 -1 -1 -1 -1000 -1000 -1000 -10 1
105 10 Car -1 -1 2.57 677 175 836 278 -1 -1 -1 -1000 -1000 -1000 -10 1
105 11 Car -1 -1 2.57 460 173 525 203 -1 -1 -1 -1000 -1000 -1000 -10 1
106 2 Car -1 -1 2.57 782 186 984 305 -1 -1 -1 -1000 -1000 -1000 -10 1
106 5 Car -1 -1 2.57 781 166 1097 366 -1 -1 -1 -1000 -1000 -1000 -10 1
106 7 Car -1 -1 2.57 1135 164 1255 362 -1 -1 -1 -1000 -1000 -1000 -10 1
106 9 Car -1 -1 2.57 925 188 1228 375 -1 -1 -1 -1000 -1000 -1000 -10 1
106 10 Car -1 -1 2.57 677 175 836 278 -1 -1 -1 -1000 -1000 -1000 -10 1
106 11 Car -1 -1 2.57 460 173 525 203 -1 -1 -1 -1000 -1000 -1000 -10 1
107 2 Car -1 -1 2.57 782 186 984 305 -1 -1 -1 -1000 -1000 -1000 -10 1
107 5 Car -1 -1 2.57 781 166 1097 366 -1 -1 -1 -1000 -1000 -1000 -10 1
107 7 Car -1 -1 2.57 1135 164 1255 362 -1 -1 -1 -1000 -1000 -1000 -10 1
107 9 Car -1 -1 2.57 925 188 1228 375 -1 -1 -1 -1000 -1000 -1000 -10 1
107 10 Car -1 -1 2.57 677 175 836 278 -1 -1 -1 -1000 -1000 -1000 -10 1
107 11 Car -1 -1 2.57 460 173 525 203 -1 -1 -1 -1000 -1000 -1000 -10 1
108 2 Car -1 -1 2.57 782 186 984 305 -1 -1 -1 -1000 -1000 -1000 -10 1
108 5 Car -1 -1 2.57 781 166 1097 366 -1 -1 -1 -1000 -1000 -1000 -10 1
108 7 Car -1 -1 2.57 1135 164 1255 362 -1 -1 -1 -1000 -1000 -1000 -10 1
108 9 Car -1 -1 2.57 925 188 1228 375 -1 -1 -1 -1000 -1000 -1000 -10 1
108 10 Car -1 -1 2.57 677 175 836 278 -1 -1 -1 -1000 -1000 -1000 -10 1
108 11 Car -1 -1 2.57 460 173 525 203 -1 -1 -1 -1000 -1000 -1000 -10 1
108 12 Car -1 -1 2.57 986 195 1243 373 -1 -1 -1 -1000 -1000 -1000 -10 1
109 2 Car -1 -1 2.57 782 186 984 305 -1 -1 -1 -1000 -1000 -1000 -10 1
109 5 Car -1 -1 2.57 781 166 1097 366 -1 -1 -1 -1000 -1000 -1000 -10 1
109 7 Car -1 -1 2.57 1135 164 1255 362 -1 -1 -1 -1000 -1000 -1000 -10 1
109 9 Car -1 -1 2.57 925 188 1228 375 -1 -1 -1 -1000 -1000 -1000 -10 1
109 10 Car -1 -1 2.57 677 175 836 278 -1 -1 -1 -1000 -1000 -1000 -10 1
109 11 Car -1 -1 2.57 460 173 525 203 -1 -1 -1 -1000 -1000 -1000 -10 1
109 12 Car -1 -1 2.57 986 195 1243 373 -1 -1 -1 -1000 -1000 -1000 -10 1
110 2 Car -1 -1 2.57 782 186 984 305 -1 -1 -1 -1000 -1000 -1000 -10 1
110 5 Car -1 -1 2.57 781 166 1097 366 -1 -1 -1 -1000 -1000 -1000 -10 1
110 7 Car -1 -1 2.57 1135 164 1255 362 -1 -1 -1 -1000 -1000 -1000 -10 1
110 9 Car -1 -1 2.57 925 188 1228 375 -1 -1 -1 -1000 -1000 -1000 -10 1
110 10 Car -1 -1 2.57 677 175 836 278 -1 -1 -1 -1000 -1000 -1000 -10 1
110 11 Car -1 -1 2.57 460 173 525 203 -1 -1 -1 -1000 -1000 -1000 -10 1
110 12 Car -1 -1 2.57 986 195 1243 373 -1 -1 -1 -1000 -1000 -1000 -10 1
111 5 Car -1 -1 2.57 781 166 1097 366 -1 -1 -1 -1000 -1000 -1000 -10 1
111 7 Car -1 -1 2.57 1135 164 1255 362 -1 -1 -1 -1000 -1000 -1000 -10 1
111 9 Car -1 -1 2.57 925 188 1228 375 -1 -1 -1 -1000 -1000 -1000 -10 1
111 10 Car -1 -1 2.57 677 175 836 278 -1 -1 -1 -1000 -1000 -1000 -10 1
111 11 Car -1 -1 2.57 460 173 525 203 -1 -1 -1 -1000 -1000 -1000 -10 1
111 12 Car -1 -1 2.57 986 195 1243 373 -1 -1 -1 -1000 -1000 -1000 -10 1
111 13 Car -1 -1 2.57 -10 198 94 342 -1 -1 -1 -1000 -1000 -1000 -10 1
112 5 Car -1 -1 2.57 781 166 1097 366 -1 -1 -1 -1000 -1000 -1000 -10 1
112 7 Car -1 -1 2.57 1135 164 1255 362 -1 -1 -1 -1000 -1000 -1000 -10 1
112 9 Car -1 -1 2.57 925 188 1228 375 -1 -1 -1 -1000 -1000 -1000 -10 1
112 10 Car -1 -1 2.57 677 175 836 278 -1 -1 -1 -1000 -1000 -1000 -10 1
112 11 Car -1 -1 2.57 460 173 525 203 -1 -1 -1 -1000 -1000 -1000 -10 1
112 12 Car -1 -1 2.57 986 195 1243 373 -1 -1 -1 -1000 -1000 -1000 -10 1
112 13 Car -1 -1 2.57 -10 198 94 342 -1 -1 -1 -1000 -1000 -1000 -10 1
113 5 Car -1 -1 2.57 781 166 1097 366 -1 -1 -1 -1000 -1000 -1000 -10 1
113 7 Car -1 -1 2.57 1135 164 1255 362 -1 -1 -1 -1000 -1000 -1000 -10 1
113 9 Car -1 -1 2.57 925 188 1228 375 -1 -1 -1 -1000 -1000 -1000 -10 1
113 10 Car -1 -1 2.57 677 175 836 278 -1 -1 -1 -1000 -1000 -1000 -10 1
113 11 Car -1 -1 2.57 460 173 525 203 -1 -1 -1 -1000 -1000 -1000 -10 1
113 13 Car -1 -1 2.57 -10 198 94 342 -1 -1 -1 -1000 -1000 -1000 -10 1
114 5 Car -1 -1 2.57 781 166 1097 366 -1 -1 -1 -1000 -1000 -1000 -10 1
114 7 Car -1 -1 2.57 1135 164 1255 362 -1 -1 -1 -1000 -1000 -1000 -10 1
114 9 Car -1 -1 2.57 925 188 1228 375 -1 -1 -1 -1000 -1000 -1000 -10 1
114 10 Car -1 -1 2.57 677 175 836 278 -1 -1 -1 -1000 -1000 -1000 -10 1
114 11 Car -1 -1 2.57 460 173 525 203 -1 -1 -1 -1000 -1000 -1000 -10 1
114 13 Car -1 -1 2.57 -10 198 94 342 -1 -1 -1 -1000 -1000 -1000 -10 1
115 5 Car -1 -1 2.57 781 166 1097 366 -1 -1 -1 -1000 -1000 -1000 -10 1
115 7 Car -1 -1 2.57 1135 164 1255 362 -1 -1 -1 -1000 -1000 -1000 -10 1
115 9 Car -1 -1 2.57 925 188 1228 375 -1 -1 -1 -1000 -1000 -1000 -10 1
115 10 Car -1 -1 2.57 677 175 836 278 -1 -1 -1 -1000 -1000 -1000 -10 1
115 11 Car -1 -1 2.57 460 173 525 203 -1 -1 -1 -1000 -1000 -1000 -10 1
115 13 Car -1 -1 2.57 -10 198 94 342 -1 -1 -1 -1000 -1000 -1000 -10 1
116 5 Car -1 -1 2.57 781 166 1097 366 -1 -1 -1 -1000 -1000 -1000 -10 1
116 7 Car -1 -1 2.57 1135 164 1255 362 -1 -1 -1 -1000 -1000 -1000 -10 1
116 9 Car -1 -1 2.57 925 188 1228 375 -1 -1 -1 -1000 -1000 -1000 -10 1
116 10 Car -1 -1 2.57 677 175 836 278 -1 -1 -1 -1000 -1000 -1000 -10 1
116 11 Car -1 -1 2.57 460 173 525 203 -1 -1 -1 -1000 -1000 -1000 -10 1
116 13 Car -1 -1 2.57 -10 198 94 342 -1 -1 -1 -1000 -1000 -1000 -10 1
116 14 Car -1 -1 2.57 -14 120 111 376 -1 -1 -1 -1000 -1000 -1000 -10 1
117 5 Car -1 -1 2.57 781 166 1097 366 -1 -1 -1 -1000 -1000 -1000 -10 1
117 7 Car -1 -1 2.57 1135 164 1255 362 -1 -1 -1 -1000 -1000 -1000 -10 1
117 9 Car -1 -1 2.57 925 188 1228 375 -1 -1 -1 -1000 -1000 -1000 -10 1
117 10 Car -1 -1 2.57 677 175 836 278 -1 -1 -1 -1000 -1000 -1000 -10 1
117 11 Car -1 -1 2.57 460 173 525 203 -1 -1 -1 -1000 -1000 -1000 -10 1
117 13 Car -1 -1 2.57 -10 198 94 342 -1 -1 -1 -1000 -1000 -1000 -10 1
117 14 Car -1 -1 2.57 -14 120 111 376 -1 -1 -1 -1000 -1000 -1000 -10 1
118 5 Car -1 -1 2.57 781 166 1097 366 -1 -1 -1 -1000 -1000 -1000 -10 1
118 7 Car -1 -1 2.57 1135 164 1255 362 -1 -1 -1 -1000 -1000 -1000 -10 1
118 9 Car -1 -1 2.57 925 188 1228 375 -1 -1 -1 -1000 -1000 -1000 -10 1
118 10 Car -1 -1 2.57 677 175 836 278 -1 -1 -1 -1000 -1000 -1000 -10 1
118 11 Car -1 -1 2.57 460 173 525 203 -1 -1 -1 -1000 -1000 -1000 -10 1
118 13 Car -1 -1 2.57 -10 198 94 342 -1 -1 -1 -1000 -1000 -1000 -10 1
118 14 Car -1 -1 2.57 -14 120 111 376 -1 -1 -1 -1000 -1000 -1000 -10 1
119 5 Car -1 -1 2.57 781 166 1097 366 -1 -1 -1 -1000 -1000 -1000 -10 1
119 7 Car -1 -1 2.57 1135 164 1255 362 -1 -1 -1 -1000 -1000 -1000 -10 1
119 9 Car -1 -1 2.57 925 188 1228 375 -1 -1 -1 -1000 -1000 -1000 -10 1
119 10 Car -1 -1 2.57 677 175 836 278 -1 -1 -1 -1000 -1000 -1000 -10 1
119 11 Car -1 -1 2.57 460 173 525 203 -1 -1 -1 -1000 -1000 -1000 -10 1
119 13 Car -1 -1 2.57 -10 198 94 342 -1 -1 -1 -1000 -1000 -1000 -10 1
119 14 Car -1 -1 2.57 -14 120 111 376 -1 -1 -1 -1000 -1000 -1000 -10 1
120 5 Car -1 -1 2.57 781 166 1097 366 -1 -1 -1 -1000 -1000 -1000 -10 1
120 7 Car -1 -1 2.57 1135 164 1255 362 -1 -1 -1 -1000 -1000 -1000 -10 1
120 9 Car -1 -1 2.57 925 188 1228 375 -1 -1 -1 -1000 -1000 -1000 -10 1
120 10 Car -1 -1 2.57 677 175 836 278 -1 -1 -1 -1000 -1000 -1000 -10 1
120 11 Car -1 -1 2.57 460 173 525 203 -1 -1 -1 -1000 -1000 -1000 -10 1
120 13 Car -1 -1 2.57 -10 198 94 342 -1 -1 -1 -1000 -1000 -1000 -10 1
120 14 Car -1 -1 2.57 -14 120 111 376 -1 -1 -1 -1000 -1000 -1000 -10 1
121 5 Car -1 -1 2.57 781 166 1097 366 -1 -1 -1 -1000 -1000 -1000 -10 1
121 7 Car -1 -1 2.57 1135 164 1255 362 -1 -1 -1 -1000 -1000 -1000 -10 1
121 9 Car -1 -1 2.57 925 188 1228 375 -1 -1 -1 -1000 -1000 -1000 -10 1
121 10 Car -1 -1 2.57 677 175 836 278 -1 -1 -1 -1000 -1000 -1000 -10 1
121 11 Car -1 -1 2.57 460 173 525 203 -1 -1 -1 -1000 -1000 -1000 -10 1
121 13 Car -1 -1 2.57 -10 198 94 342 -1 -1 -1 -1000 -1000 -1000 -10 1
121 14 Car -1 -1 2.57 -14 120 111 376 -1 -1 -1 -1000 -1000 -1000 -10 1
122 5 Car -1 -1 2.57 781 166 1097 366 -1 -1 -1 -1000 -1000 -1000 -10 1
122 7 Car -1 -1 2.57 1135 164 1255 362 -1 -1 -1 -1000 -1000 -1000 -10 1
122 9 Car -1 -1 2.57 925 188 1228 375 -1 -1 -1 -1000 -1000 -1000 -10 1
122 10 Car -1 -1 2.57 677 175 836 278 -1 -1 -1 -1000 -1000 -1000 -10 1
122 11 Car -1 -1 2.57 460 173 525 203 -1 -1 -1 -1000 -1000 -1000 -10 1
122 14 Car -1 -1 2.57 -14 120 111 376 -1 -1 -1 -1000 -1000 -1000 -10 1
123 5 Car -1 -1 2.57 781 166 1097 366 -1 -1 -1 -1000 -1000 -1000 -10 1
123 7 Car -1 -1 2.57 1135 164 1255 362 -1 -1 -1 -1000 -1000 -1000 -10 1
123 9 Car -1 -1 2.57 925 188 1228 375 -1 -1 -1 -1000 -1000 -1000 -10 1
123 10 Car -1 -1 2.57 677 175 836 278 -1 -1 -1 -1000 -1000 -1000 -10 1
123 11 Car -1 -1 2.57 460 173 525 203 -1 -1 -1 -1000 -1000 -1000 -10 1
123 14 Car -1 -1 2.57 -14 120 111 376 -1 -1 -1 -1000 -1000 -1000 -10 1
124 5 Car -1 -1 2.57 781 166 1097 366 -1 -1 -1 -1000 -1000 -1000 -10 1
124 7 Car -1 -1 2.57 1135 164 1255 362 -1 -1 -1 -1000 -1000 -1000 -10 1
124 9 Car -1 -1 2.57 925 188 1228 375 -1 -1 -1 -1000 -1000 -1000 -10 1
124 10 Car -1 -1 2.57 677 175 836 278 -1 -1 -1 -1000 -1000 -1000 -10 1
124 11 Car -1 -1 2.57 460 173 525 203 -1 -1 -1 -1000 -1000 -1000 -10 1
124 14 Car -1 -1 2.57 -14 120 111 376 -1 -1 -1 -1000 -1000 -1000 -10 1
125 5 Car -1 -1 2.57 781 166 1097 366 -1 -1 -1 -1000 -1000 -1000 -10 1
125 7 Car -1 -1 2.57 1135 164 1255 362 -1 -1 -1 -1000 -1000 -1000 -10 1
125 9 Car -1 -1 2.57 925 188 1228 375 -1 -1 -1 -1000 -1000 -1000 -10 1
125 10 Car -1 -1 2.57 677 175 836 278 -1 -1 -1 -1000 -1000 -1000 -10 1
125 11 Car -1 -1 2.57 460 173 525 203 -1 -1 -1 -1000 -1000 -1000 -10 1
125 14 Car -1 -1 2.57 -14 120 111 376 -1 -1 -1 -1000 -1000 -1000 -10 1
126 5 Car -1 -1 2.57 781 166 1097 366 -1 -1 -1 -1000 -1000 -1000 -10 1
126 7 Car -1 -1 2.57 1135 164 1255 362 -1 -1 -1 -1000 -1000 -1000 -10 1
126 9 Car -1 -1 2.57 925 188 1228 375 -1 -1 -1 -1000 -1000 -1000 -10 1
126 10 Car -1 -1 2.57 677 175 836 278 -1 -1 -1 -1000 -1000 -1000 -10 1
126 11 Car -1 -1 2.57 460 173 525 203 -1 -1 -1 -1000 -1000 -1000 -10 1
126 14 Car -1 -1 2.57 -14 120 111 376 -1 -1 -1 -1000 -1000 -1000 -10 1
126 15 Car -1 -1 2.57 -1 171 317 363 -1 -1 -1 -1000 -1000 -1000 -10 1
127 5 Car -1 -1 2.57 781 166 1097 366 -1 -1 -1 -1000 -1000 -1000 -10 1
127 7 Car -1 -1 2.57 1135 164 1255 362 -1 -1 -1 -1000 -1000 -1000 -10 1
127 9 Car -1 -1 2.57 925 188 1228 375 -1 -1 -1 -1000 -1000 -1000 -10 1
127 10 Car -1 -1 2.57 677 175 836 278 -1 -1 -1 -1000 -1000 -1000 -10 1
127 11 Car -1 -1 2.57 460 173 525 203 -1 -1 -1 -1000 -1000 -1000 -10 1
127 14 Car -1 -1 2.57 -14 120 111 376 -1 -1 -1 -1000 -1000 -1000 -10 1
127 15 Car -1 -1 2.57 -1 171 317 363 -1 -1 -1 -1000 -1000 -1000 -10 1
128 5 Car -1 -1 2.57 781 166 1097 366 -1 -1 -1 -1000 -1000 -1000 -10 1
128 7 Car -1 -1 2.57 1135 164 1255 362 -1 -1 -1 -1000 -1000 -1000 -10 1
128 9 Car -1 -1 2.57 925 188 1228 375 -1 -1 -1 -1000 -1000 -1000 -10 1
128 10 Car -1 -1 2.57 677 175 836 278 -1 -1 -1 -1000 -1000 -1000 -10 1
128 11 Car -1 -1 2.57 460 173 525 203 -1 -1 -1 -1000 -1000 -1000 -10 1
128 14 Car -1 -1 2.57 -14 120 111 376 -1 -1 -1 -1000 -1000 -1000 -10 1
128 15 Car -1 -1 2.57 -1 171 317 363 -1 -1 -1 -1000 -1000 -1000 -10 1
129 5 Car -1 -1 2.57 781 166 1097 366 -1 -1 -1 -1000 -1000 -1000 -10 1
129 7 Car -1 -1 2.57 1135 164 1255 362 -1 -1 -1 -1000 -1000 -1000 -10 1
129 9 Car -1 -1 2.57 925 188 1228 375 -1 -1 -1 -1000 -1000 -1000 -10 1
129 10 Car -1 -1 2.57 677 175 836 278 -1 -1 -1 -1000 -1000 -1000 -10 1
129 11 Car -1 -1 2.57 460 173 525 203 -1 -1 -1 -1000 -1000 -1000 -10 1
129 14 Car -1 -1 2.57 -14 120 111 376 -1 -1 -1 -1000 -1000 -1000 -10 1
129 15 Car -1 -1 2.57 -1 171 317 363 -1 -1 -1 -1000 -1000 -1000 -10 1
130 5 Car -1 -1 2.57 781 166 1097 366 -1 -1 -1 -1000 -1000 -1000 -10 1
130 7 Car -1 -1 2.57 1135 164 1255 362 -1 -1 -1 -1000 -1000 -1000 -10 1
130 9 Car -1 -1 2.57 925 188 1228 375 -1 -1 -1 -1000 -1000 -1000 -10 1
130 10 Car -1 -1 2.57 677 175 836 278 -1 -1 -1 -1000 -1000 -1000 -10 1
130 11 Car -1 -1 2.57 460 173 525 203 -1 -1 -1 -1000 -1000 -1000 -10 1
130 14 Car -1 -1 2.57 -14 120 111 376 -1 -1 -1 -1000 -1000 -1000 -10 1
130 15 Car -1 -1 2.57 -1 171 317 363 -1 -1 -1 -1000 -1000 -1000 -10 1
131 5 Car -1 -1 2.57 781 166 1097 366 -1 -1 -1 -1000 -1000 -1000 -10 1
131 7 Car -1 -1 2.57 1135 164 1255 362 -1 -1 -1 -1000 -1000 -1000 -10 1
131 9 Car -1 -1 2.57 925 188 1228 375 -1 -1 -1 -1000 -1000 -1000 -10 1
131 10 Car -1 -1 2.57 677 175 836 278 -1 -1 -1 -1000 -1000 -1000 -10 1
131 11 Car -1 -1 2.57 460 173 525 203 -1 -1 -1 -1000 -1000 -1000 -10 1
131 14 Car -1 -1 2.57 -14 120 111 376 -1 -1 -1 -1000 -1000 -1000 -10 1
131 15 Car -1 -1 2.57 -1 171 317 363 -1 -1 -1 -1000 -1000 -1000 -10 1
132 5 Car -1 -1 2.57 781 166 1097 366 -1 -1 -1 -1000 -1000 -1000 -10 1
132 7 Car -1 -1 2.57 1135 164 1255 362 -1 -1 -1 -1000 -1000 -1000 -10 1
132 9 Car -1 -1 2.57 925 188 1228 375 -1 -1 -1 -1000 -1000 -1000 -10 1
132 10 Car -1 -1 2.57 677 175 836 278 -1 -1 -1 -1000 -1000 -1000 -10 1
132 11 Car -1 -1 2.57 460 173 525 203 -1 -1 -1 -1000 -1000 -1000 -10 1
132 14 Car -1 -1 2.57 -14 120 111 376 -1 -1 -1 -1000 -1000 -1000 -10 1
132 15 Car -1 -1 2.57 -1 171 317 363 -1 -1 -1 -1000 -1000 -1000 -10 1
133 5 Car -1 -1 2.57 781 166 1097 366 -1 -1 -1 -1000 -1000 -1000 -10 1
133 7 Car -1 -1 2.57 1135 164 1255 362 -1 -1 -1 -1000 -1000 -1000 -10 1
133 9 Car -1 -1 2.57 925 188 1228 375 -1 -1 -1 -1000 -1000 -1000 -10 1
133 10 Car -1 -1 2.57 677 175 836 278 -1 -1 -1 -1000 -1000 -1000 -10 1
133 11 Car -1 -1 2.57 460 173 525 203 -1 -1 -1 -1000 -1000 -1000 -10 1
133 14 Car -1 -1 2.57 -14 120 111 376 -1 -1 -1 -1000 -1000 -1000 -10 1
133 15 Car -1 -1 2.57 -1 171 317 363 -1 -1 -1 -1000 -1000 -1000 -10 1
134 5 Car -1 -1 2.57 781 166 1097 366 -1 -1 -1 -1000 -1000 -1000 -10 1
134 7 Car -1 -1 2.57 1135 164 1255 362 -1 -1 -1 -1000 -1000 -1000 -10 1
134 9 Car -1 -1 2.57 925 188 1228 375 -1 -1 -1 -1000 -1000 -1000 -10 1
134 10 Car -1 -1 2.57 677 175 836 278 -1 -1 -1 -1000 -1000 -1000 -10 1
134 11 Car -1 -1 2.57 460 173 525 203 -1 -1 -1 -1000 -1000 -1000 -10 1
134 14 Car -1 -1 2.57 -14 120 111 376 -1 -1 -1 -1000 -1000 -1000 -10 1
134 15 Car -1 -1 2.57 -1 171 317 363 -1 -1 -1 -1000 -1000 -1000 -10 1
134 16 Car -1 -1 2.57 660 177 751 247 -1 -1 -1 -1000 -1000 -1000 -10 1
135 5 Car -1 -1 2.57 781 166 1097 366 -1 -1 -1 -1000 -1000 -1000 -10 1
135 7 Car -1 -1 2.57 1135 164 1255 362 -1 -1 -1 -1000 -1000 -1000 -10 1
135 9 Car -1 -1 2.57 925 188 1228 375 -1 -1 -1 -1000 -1000 -1000 -10 1
135 10 Car -1 -1 2.57 677 175 836 278 -1 -1 -1 -1000 -1000 -1000 -10 1
135 11 Car -1 -1 2.57 460 173 525 203 -1 -1 -1 -1000 -1000 -1000 -10 1
135 14 Car -1 -1 2.57 -14 120 111 376 -1 -1 -1 -1000 -1000 -1000 -10 1
135 15 Car -1 -1 2.57 -1 171 317 363 -1 -1 -1 -1000 -1000 -1000 -10 1
135 16 Car -1 -1 2.57 660 177 751 247 -1 -1 -1 -1000 -1000 -1000 -10 1
136 5 Car -1 -1 2.57 781 166 1097 366 -1 -1 -1 -1000 -1000 -1000 -10 1
136 7 Car -1 -1 2.57 1135 164 1255 362 -1 -1 -1 -1000 -1000 -1000 -10 1
136 9 Car -1 -1 2.57 925 188 1228 375 -1 -1 -1 -1000 -1000 -1000 -10 1
136 10 Car -1 -1 2.57 677 175 836 278 -1 -1 -1 -1000 -1000 -1000 -10 1
136 11 Car -1 -1 2.57 460 173 525 203 -1 -1 -1 -1000 -1000 -1000 -10 1
136 14 Car -1 -1 2.57 -14 120 111 376 -1 -1 -1 -1000 -1000 -1000 -10 1
136 15 Car -1 -1 2.57 -1 171 317 363 -1 -1 -1 -1000 -1000 -1000 -10 1
136 16 Car -1 -1 2.57 660 177 751 247 -1 -1 -1 -1000 -1000 -1000 -10 1
137 5 Car -1 -1 2.57 781 166 1097 366 -1 -1 -1 -1000 -1000 -1000 -10 1
137 7 Car -1 -1 2.57 1135 164 1255 362 -1 -1 -1 -1000 -1000 -1000 -10 1
137 9 Car -1 -1 2.57 925 188 1228 375 -1 -1 -1 -1000 -1000 -1000 -10 1
137 10 Car -1 -1 2.57 677 175 836 278 -1 -1 -1 -1000 -1000 -1000 -10 1
137 11 Car -1 -1 2.57 460 173 525 203 -1 -1 -1 -1000 -1000 -1000 -10 1
137 14 Car -1 -1 2.57 -14 120 111 376 -1 -1 -1 -1000 -1000 -1000 -10 1
137 15 Car -1 -1 2.57 -1 171 317 363 -1 -1 -1 -1000 -1000 -1000 -10 1
137 16 Car -1 -1 2.57 660 177 751 247 -1 -1 -1 -1000 -1000 -1000 -10 1
137 17 Car -1 -1 2.57 345 187 433 250 -1 -1 -1 -1000 -1000 -1000 -10 1
138 5 Car -1 -1 2.57 781 166 1097 366 -1 -1 -1 -1000 -1000 -1000 -10 1
138 7 Car -1 -1 2.57 1135 164 1255 362 -1 -1 -1 -1000 -1000 -1000 -10 1
138 9 Car -1 -1 2.57 925 188 1228 375 -1 -1 -1 -1000 -1000 -1000 -10 1
138 10 Car -1 -1 2.57 677 175 836 278 -1 -1 -1 -1000 -1000 -1000 -10 1
138 11 Car -1 -1 2.57 460 173 525 203 -1 -1 -1 -1000 -1000 -1000 -10 1
138 14 Car -1 -1 2.57 -14 120 111 376 -1 -1 -1 -1000 -1000 -1000 -10 1
138 15 Car -1 -1 2.57 -1 171 317 363 -1 -1 -1 -1000 -1000 -1000 -10 1
138 16 Car -1 -1 2.57 660 177 751 247 -1 -1 -1 -1000 -1000 -1000 -10 1
138 17 Car -1 -1 2.57 345 187 433 250 -1 -1 -1 -1000 -1000 -1000 -10 1
139 5 Car -1 -1 2.57 781 166 1097 366 -1 -1 -1 -1000 -1000 -1000 -10 1
139 7 Car -1 -1 2.57 1135 164 1255 362 -1 -1 -1 -1000 -1000 -1000 -10 1
139 9 Car -1 -1 2.57 925 188 1228 375 -1 -1 -1 -1000 -1000 -1000 -10 1
139 10 Car -1 -1 2.57 677 175 836 278 -1 -1 -1 -1000 -1000 -1000 -10 1
139 11 Car -1 -1 2.57 460 173 525 203 -1 -1 -1 -1000 -1000 -1000 -10 1
139 14 Car -1 -1 2.57 -14 120 111 376 -1 -1 -1 -1000 -1000 -1000 -10 1
139 15 Car -1 -1 2.57 -1 171 317 363 -1 -1 -1 -1000 -1000 -1000 -10 1
139 16 Car -1 -1 2.57 660 177 751 247 -1 -1 -1 -1000 -1000 -1000 -10 1
139 17 Car -1 -1 2.57 345 187 433 250 -1 -1 -1 -1000 -1000 -1000 -10 1
140 5 Car -1 -1 2.57 781 166 1097 366 -1 -1 -1 -1000 -1000 -1000 -10 1
140 7 Car -1 -1 2.57 1135 164 1255 362 -1 -1 -1 -1000 -1000 -1000 -10 1
140 9 Car -1 -1 2.57 925 188 1228 375 -1 -1 -1 -1000 -1000 -1000 -10 1
140 10 Car -1 -1 2.57 677 175 836 278 -1 -1 -1 -1000 -1000 -1000 -10 1
140 11 Car -1 -1 2.57 460 173 525 203 -1 -1 -1 -1000 -1000 -1000 -10 1
140 14 Car -1 -1 2.57 -14 120 111 376 -1 -1 -1 -1000 -1000 -1000 -10 1
140 15 Car -1 -1 2.57 -1 171 317 363 -1 -1 -1 -1000 -1000 -1000 -10 1
140 16 Car -1 -1 2.57 660 177 751 247 -1 -1 -1 -1000 -1000 -1000 -10 1
140 17 Car -1 -1 2.57 345 187 433 250 -1 -1 -1 -1000 -1000 -1000 -10 1
141 5 Car -1 -1 2.57 781 166 1097 366 -1 -1 -1 -1000 -1000 -1000 -10 1
141 7 Car -1 -1 2.57 1135 164 1255 362 -1 -1 -1 -1000 -1000 -1000 -10 1
141 9 Car -1 -1 2.57 925 188 1228 375 -1 -1 -1 -1000 -1000 -1000 -10 1
141 10 Car -1 -1 2.57 677 175 836 278 -1 -1 -1 -1000 -1000 -1000 -10 1
141 11 Car -1 -1 2.57 460 173 525 203 -1 -1 -1 -1000 -1000 -1000 -10 1
141 14 Car -1 -1 2.57 -14 120 111 376 -1 -1 -1 -1000 -1000 -1000 -10 1
141 15 Car -1 -1 2.57 -1 171 317 363 -1 -1 -1 -1000 -1000 -1000 -10 1
141 16 Car -1 -1 2.57 660 177 751 247 -1 -1 -1 -1000 -1000 -1000 -10 1
141 17 Car -1 -1 2.57 345 187 433 250 -1 -1 -1 -1000 -1000 -1000 -10 1
142 5 Car -1 -1 2.57 781 166 1097 366 -1 -1 -1 -1000 -1000 -1000 -10 1
142 7 Car -1 -1 2.57 1135 164 1255 362 -1 -1 -1 -1000 -1000 -1000 -10 1
142 9 Car -1 -1 2.57 925 188 1228 375 -1 -1 -1 -1000 -1000 -1000 -10 1
142 10 Car -1 -1 2.57 677 175 836 278 -1 -1 -1 -1000 -1000 -1000 -10 1
142 11 Car -1 -1 2.57 460 173 525 203 -1 -1 -1 -1000 -1000 -1000 -10 1
142 14 Car -1 -1 2.57 -14 120 111 376 -1 -1 -1 -1000 -1000 -1000 -10 1
142 15 Car -1 -1 2.57 -1 171 317 363 -1 -1 -1 -1000 -1000 -1000 -10 1
142 16 Car -1 -1 2.57 660 177 751 247 -1 -1 -1 -1000 -1000 -1000 -10 1
142 17 Car -1 -1 2.57 345 187 433 250 -1 -1 -1 -1000 -1000 -1000 -10 1
143 5 Car -1 -1 2.57 781 166 1097 366 -1 -1 -1 -1000 -1000 -1000 -10 1
143 7 Car -1 -1 2.57 1135 164 1255 362 -1 -1 -1 -1000 -1000 -1000 -10 1
143 9 Car -1 -1 2.57 925 188 1228 375 -1 -1 -1 -1000 -1000 -1000 -10 1
143 10 Car -1 -1 2.57 677 175 836 278 -1 -1 -1 -1000 -1000 -1000 -10 1
143 11 Car -1 -1 2.57 460 173 525 203 -1 -1 -1 -1000 -1000 -1000 -10 1
143 14 Car -1 -1 2.57 -14 120 111 376 -1 -1 -1 -1000 -1000 -1000 -10 1
143 15 Car -1 -1 2.57 -1 171 317 363 -1 -1 -1 -1000 -1000 -1000 -10 1
143 16 Car -1 -1 2.57 660 177 751 247 -1 -1 -1 -1000 -1000 -1000 -10 1
143 17 Car -1 -1 2.57 345 187 433 250 -1 -1 -1 -1000 -1000 -1000 -10 1
144 5 Car -1 -1 2.57 781 166 1097 366 -1 -1 -1 -1000 -1000 -1000 -10 1
144 7 Car -1 -1 2.57 1135 164 1255 362 -1 -1 -1 -1000 -1000 -1000 -10 1
144 9 Car -1 -1 2.57 925 188 1228 375 -1 -1 -1 -1000 -1000 -1000 -10 1
144 10 Car -1 -1 2.57 677 175 836 278 -1 -1 -1 -1000 -1000 -1000 -10 1
144 11 Car -1 -1 2.57 460 173 525 203 -1 -1 -1 -1000 -1000 -1000 -10 1
144 14 Car -1 -1 2.57 -14 120 111 376 -1 -1 -1 -1000 -1000 -1000 -10 1
144 15 Car -1 -1 2.57 -1 171 317 363 -1 -1 -1 -1000 -1000 -1000 -10 1
144 16 Car -1 -1 2.57 660 177 751 247 -1 -1 -1 -1000 -1000 -1000 -10 1
144 17 Car -1 -1 2.57 345 187 433 250 -1 -1 -1 -1000 -1000 -1000 -10 1
145 5 Car -1 -1 2.57 781 166 1097 366 -1 -1 -1 -1000 -1000 -1000 -10 1
145 7 Car -1 -1 2.57 1135 164 1255 362 -1 -1 -1 -1000 -1000 -1000 -10 1
145 9 Car -1 -1 2.57 925 188 1228 375 -1 -1 -1 -1000 -1000 -1000 -10 1
145 10 Car -1 -1 2.57 677 175 836 278 -1 -1 -1 -1000 -1000 -1000 -10 1
145 11 Car -1 -1 2.57 460 173 525 203 -1 -1 -1 -1000 -1000 -1000 -10 1
145 14 Car -1 -1 2.57 -14 120 111 376 -1 -1 -1 -1000 -1000 -1000 -10 1
145 15 Car -1 -1 2.57 -1 171 317 363 -1 -1 -1 -1000 -1000 -1000 -10 1
145 16 Car -1 -1 2.57 660 177 751 247 -1 -1 -1 -1000 -1000 -1000 -10 1
145 17 Car -1 -1 2.57 345 187 433 250 -1 -1 -1 -1000 -1000 -1000 -10 1
145 18 Car -1 -1 2.57 277 190 391 285 -1 -1 -1 -1000 -1000 -1000 -10 1
146 5 Car -1 -1 2.57 781 166 1097 366 -1 -1 -1 -1000 -1000 -1000 -10 1
146 7 Car -1 -1 2.57 1135 164 1255 362 -1 -1 -1 -1000 -1000 -1000 -10 1
146 9 Car -1 -1 2.57 925 188 1228 375 -1 -1 -1 -1000 -1000 -1000 -10 1
146 10 Car -1 -1 2.57 677 175 836 278 -1 -1 -1 -1000 -1000 -1000 -10 1
146 11 Car -1 -1 2.57 460 173 525 203 -1 -1 -1 -1000 -1000 -1000 -10 1
146 14 Car -1 -1 2.57 -14 120 111 376 -1 -1 -1 -1000 -1000 -1000 -10 1
146 15 Car -1 -1 2.57 -1 171 317 363 -1 -1 -1 -1000 -1000 -1000 -10 1
146 16 Car -1 -1 2.57 660 177 751 247 -1 -1 -1 -1000 -1000 -1000 -10 1
146 17 Car -1 -1 2.57 345 187 433 250 -1 -1 -1 -1000 -1000 -1000 -10 1
146 18 Car -1 -1 2.57 277 190 391 285 -1 -1 -1 -1000 -1000 -1000 -10 1
147 5 Car -1 -1 2.57 781 166 1097 366 -1 -1 -1 -1000 -1000 -1000 -10 1
147 9 Car -1 -1 2.57 925 188 1228 375 -1 -1 -1 -1000 -1000 -1000 -10 1
147 10 Car -1 -1 2.57 677 175 836 278 -1 -1 -1 -1000 -1000 -1000 -10 1
147 11 Car -1 -1 2.57 460 173 525 203 -1 -1 -1 -1000 -1000 -1000 -10 1
147 14 Car -1 -1 2.57 -14 120 111 376 -1 -1 -1 -1000 -1000 -1000 -10 1
147 15 Car -1 -1 2.57 -1 171 317 363 -1 -1 -1 -1000 -1000 -1000 -10 1
147 16 Car -1 -1 2.57 660 177 751 247 -1 -1 -1 -1000 -1000 -1000 -10 1
147 17 Car -1 -1 2.57 345 187 433 250 -1 -1 -1 -1000 -1000 -1000 -10 1
147 18 Car -1 -1 2.57 277 190 391 285 -1 -1 -1 -1000 -1000 -1000 -10 1
148 5 Car -1 -1 2.57 781 166 1097 366 -1 -1 -1 -1000 -1000 -1000 -10 1
148 9 Car -1 -1 2.57 925 188 1228 375 -1 -1 -1 -1000 -1000 -1000 -10 1
148 10 Car -1 -1 2.57 677 175 836 278 -1 -1 -1 -1000 -1000 -1000 -10 1
148 11 Car -1 -1 2.57 460 173 525 203 -1 -1 -1 -1000 -1000 -1000 -10 1
148 14 Car -1 -1 2.57 -14 120 111 376 -1 -1 -1 -1000 -1000 -1000 -10 1
148 15 Car -1 -1 2.57 -1 171 317 363 -1 -1 -1 -1000 -1000 -1000 -10 1
148 16 Car -1 -1 2.57 660 177 751 247 -1 -1 -1 -1000 -1000 -1000 -10 1
148 17 Car -1 -1 2.57 345 187 433 250 -1 -1 -1 -1000 -1000 -1000 -10 1
148 18 Car -1 -1 2.57 277 190 391 285 -1 -1 -1 -1000 -1000 -1000 -10 1
149 5 Car -1 -1 2.57 781 166 1097 366 -1 -1 -1 -1000 -1000 -1000 -10 1
149 9 Car -1 -1 2.57 925 188 1228 375 -1 -1 -1 -1000 -1000 -1000 -10 1
149 10 Car -1 -1 2.57 677 175 836 278 -1 -1 -1 -1000 -1000 -1000 -10 1
149 11 Car -1 -1 2.57 460 173 525 203 -1 -1 -1 -1000 -1000 -1000 -10 1
149 14 Car -1 -1 2.57 -14 120 111 376 -1 -1 -1 -1000 -1000 -1000 -10 1
149 15 Car -1 -1 2.57 -1 171 317 363 -1 -1 -1 -1000 -1000 -1000 -10 1
149 16 Car -1 -1 2.57 660 177 751 247 -1 -1 -1 -1000 -1000 -1000 -10 1
149 17 Car -1 -1 2.57 345 187 433 250 -1 -1 -1 -1000 -1000 -1000 -10 1
149 18 Car -1 -1 2.57 277 190 391 285 -1 -1 -1 -1000 -1000 -1000 -10 1
150 5 Car -1 -1 2.57 781 166 1097 366 -1 -1 -1 -1000 -1000 -1000 -10 1
150 9 Car -1 -1 2.57 925 188 1228 375 -1 -1 -1 -1000 -1000 -1000 -10 1
150 10 Car -1 -1 2.57 677 175 836 278 -1 -1 -1 -1000 -1000 -1000 -10 1
150 11 Car -1 -1 2.57 460 173 525 203 -1 -1 -1 -1000 -1000 -1000 -10 1
150 14 Car -1 -1 2.57 -14 120 111 376 -1 -1 -1 -1000 -1000 -1000 -10 1
150 15 Car -1 -1 2.57 -1 171 317 363 -1 -1 -1 -1000 -1000 -1000 -10 1
150 16 Car -1 -1 2.57 660 177 751 247 -1 -1 -1 -1000 -1000 -1000 -10 1
150 17 Car -1 -1 2.57 345 187 433 250 -1 -1 -1 -1000 -1000 -1000 -10 1
150 18 Car -1 -1 2.57 277 190 391 285 -1 -1 -1 -1000 -1000 -1000 -10 1
150 19 Car -1 -1 2.57 566 168 602 203 -1 -1 -1 -1000 -1000 -1000 -10 1
151 5 Car -1 -1 2.57 781 166 1097 366 -1 -1 -1 -1000 -1000 -1000 -10 1
151 9 Car -1 -1 2.57 925 188 1228 375 -1 -1 -1 -1000 -1000 -1000 -10 1
151 10 Car -1 -1 2.57 677 175 836 278 -1 -1 -1 -1000 -1000 -1000 -10 1
151 11 Car -1 -1 2.57 460 173 525 203 -1 -1 -1 -1000 -1000 -1000 -10 1
151 14 Car -1 -1 2.57 -14 120 111 376 -1 -1 -1 -1000 -1000 -1000 -10 1
151 15 Car -1 -1 2.57 -1 171 317 363 -1 -1 -1 -1000 -1000 -1000 -10 1
151 16 Car -1 -1 2.57 660 177 751 247 -1 -1 -1 -1000 -1000 -1000 -10 1
151 17 Car -1 -1 2.57 345 187 433 250 -1 -1 -1 -1000 -1000 -1000 -10 1
151 18 Car -1 -1 2.57 277 190 391 285 -1 -1 -1 -1000 -1000 -1000 -10 1
151 19 Car -1 -1 2.57 566 168 602 203 -1 -1 -1 -1000 -1000 -1000 -10 1
152 5 Car -1 -1 2.57 781 166 1097 366 -1 -1 -1 -1000 -1000 -1000 -10 1
152 9 Car -1 -1 2.57 925 188 1228 375 -1 -1 -1 -1000 -1000 -1000 -10 1
152 10 Car -1 -1 2.57 677 175 836 278 -1 -1 -1 -1000 -1000 -1000 -10 1
152 11 Car -1 -1 2.57 460 173 525 203 -1 -1 -1 -1000 -1000 -1000 -10 1
152 14 Car -1 -1 2.57 -14 120 111 376 -1 -1 -1 -1000 -1000 -1000 -10 1
152 15 Car -1 -1 2.57 -1 171 317 363 -1 -1 -1 -1000 -1000 -1000 -10 1
152 16 Car -1 -1 2.57 660 177 751 247 -1 -1 -1 -1000 -1000 -1000 -10 1
152 17 Car -1 -1 2.57 345 187 433 250 -1 -1 -1 -1000 -1000 -1000 -10 1
152 18 Car -1 -1 2.57 277 190 391 285 -1 -1 -1 -1000 -1000 -1000 -10 1
152 19 Car -1 -1 2.57 566 168 602 203 -1 -1 -1 -1000 -1000 -1000 -10 1
153 5 Car -1 -1 2.57 781 166 1097 366 -1 -1 -1 -1000 -1000 -1000 -10 1
153 9 Car -1 -1 2.57 925 188 1228 375 -1 -1 -1 -1000 -1000 -1000 -10 1
153 10 Car -1 -1 2.57 677 175 836 278 -1 -1 -1 -1000 -1000 -1000 -10 1
153 11 Car -1 -1 2.57 460 173 525 203 -1 -1 -1 -1000 -1000 -1000 -10 1
153 14 Car -1 -1 2.57 -14 120 111 376 -1 -1 -1 -1000 -1000 -1000 -10 1
153 15 Car -1 -1 2.57 -1 171 317 363 -1 -1 -1 -1000 -1000 -1000 -10 1
153 16 Car -1 -1 2.57 660 177 751 247 -1 -1 -1 -1000 -1000 -1000 -10 1
153 17 Car -1 -1 2.57 345 187 433 250 -1 -1 -1 -1000 -1000 -1000 -10 1
153 18 Car -1 -1 2.57 277 190 391 285 -1 -1 -1 -1000 -1000 -1000 -10 1
153 19 Car -1 -1 2.57 566 168 602 203 -1 -1 -1 -1000 -1000 -1000 -10 1
