0 0 Car -1 -1 2.57 528 186 597 220 -1 -1 -1 -1000 -1000 -1000 -10 1
1 0 Car -1 -1 2.57 528 186 597 220 -1 -1 -1 -1000 -1000 -1000 -10 1
2 0 Car -1 -1 2.57 528 186 597 220 -1 -1 -1 -1000 -1000 -1000 -10 1
3 0 Car -1 -1 2.57 528 186 597 220 -1 -1 -1 -1000 -1000 -1000 -10 1
4 0 Car -1 -1 2.57 528 186 597 220 -1 -1 -1 -1000 -1000 -1000 -10 1
5 0 Car -1 -1 2.57 528 186 597 220 -1 -1 -1 -1000 -1000 -1000 -10 1
6 0 Car -1 -1 2.57 528 186 597 220 -1 -1 -1 -1000 -1000 -1000 -10 1
7 0 Car -1 -1 2.57 528 186 597 220 -1 -1 -1 -1000 -1000 -1000 -10 1
8 0 Car -1 -1 2.57 528 186 597 220 -1 -1 -1 -1000 -1000 -1000 -10 1
9 0 Car -1 -1 2.57 528 186 597 220 -1 -1 -1 -1000 -1000 -1000 -10 1
10 0 Car -1 -1 2.57 528 186 597 220 -1 -1 -1 -1000 -1000 -1000 -10 1
11 0 Car -1 -1 2.57 528 186 597 220 -1 -1 -1 -1000 -1000 -1000 -10 1
11 1 Car -1 -1 2.57 782 186 984 305 -1 -1 -1 -1000 -1000 -1000 -10 1
12 0 Car -1 -1 2.57 528 186 597 220 -1 -1 -1 -1000 -1000 -1000 -10 1
12 1 Car -1 -1 2.57 782 186 984 305 -1 -1 -1 -1000 -1000 -1000 -10 1
13 0 Car -1 -1 2.57 528 186 597 220 -1 -1 -1 -1000 -1000 -1000 -10 1
13 1 Car -1 -1 2.57 782 186 984 305 -1 -1 -1 -1000 -1000 -1000 -10 1
14 0 Car -1 -1 2.57 528 186 597 220 -1 -1 -1 -1000 -1000 -1000 -10 1
14 1 Car -1 -1 2.57 782 186 984 305 -1 -1 -1 -1000 -1000 -1000 -10 1
15 0 Car -1 -1 2.57 528 186 597 220 -1 -1 -1 -1000 -1000 -1000 -10 1
15 1 Car -1 -1 2.57 782 186 984 305 -1 -1 -1 -1000 -1000 -1000 -10 1
16 0 Car -1 -1 2.57 528 186 597 220 -1 -1 -1 -1000 -1000 -1000 -10 1
16 1 Car -1 -1 2.57 782 186 984 305 -1 -1 -1 -1000 -1000 -1000 -10 1
17 0 Car -1 -1 2.57 528 186 597 220 -1 -1 -1 -1000 -1000 -1000 -10 1
17 1 Car -1 -1 2.57 782 186 984 305 -1 -1 -1 -1000 -1000 -1000 -10 1
18 0 Car -1 -1 2.57 528 186 597 220 -1 -1 -1 -1000 -1000 -1000 -10 1
18 1 Car -1 -1 2.57 782 186 984 305 -1 -1 -1 -1000 -1000 -1000 -10 1
19 0 Car -1 -1 2.57 528 186 597 220 -1 -1 -1 -1000 -1000 -1000 -10 1
19 1 Car -1 -1 2.57 782 186 984 305 -1 -1 -1 -1000 -1000 -1000 -10 1
20 0 Car -1 -1 2.57 528 186 597 220 -1 -1 -1 -1000 -1000 -1000 -10 1
20 1 Car -1 -1 2.57 782 186 984 305 -1 -1 -1 -1000 -1000 -1000 -10 1
21 0 Car -1 -1 2.57 528 186 597 220 -1 -1 -1 -1000 -1000 -1000 -10 1
21 1 Car -1 -1 2.57 782 186 984 305 -1 -1 -1 -1000 -1000 -1000 -10 1
22 0 Car -1 -1 2.57 528 186 597 220 -1 -1 -1 -1000 -1000 -1000 -10 1
22 1 Car -1 -1 2.57 782 186 984 305 -1 -1 -1 -1000 -1000 -1000 -10 1
23 0 Car -1 -1 2.57 528 186 597 220 -1 -1 -1 -1000 -1000 -1000 -10 1
23 1 Car -1 -1 2.57 782 186 984 305 -1 -1 -1 -1000 -1000 -1000 -10 1
24 0 Car -1 -1 2.57 528 186 597 220 -1 -1 -1 -1000 -1000 -1000 -10 1
24 1 Car -1 -1 2.57 782 186 984 305 -1 -1 -1 -1000 -1000 -1000 -10 1
25 0 Car -1 -1 2.57 528 186 597 220 -1 -1 -1 -1000 -1000 -1000 -10 1
25 1 Car -1 -1 2.57 782 186 984 305 -1 -1 -1 -1000 -1000 -1000 -10 1
26 0 Car -1 -1 2.57 528 186 597 220 -1 -1 -1 -1000 -1000 -1000 -10 1
26 1 Car -1 -1 2.57 782 186 984 305 -1 -1 -1 -1000 -1000 -1000 -10 1
27 0 Car -1 -1 2.57 528 186 597 220 -1 -1 -1 -1000 -1000 -1000 -10 1
27 1 Car -1 -1 2.57 782 186 984 305 -1 -1 -1 -1000 -1000 -1000 -10 1
28 0 Car -1 -1 2.57 528 186 597 220 -1 -1 -1 -1000 -1000 -1000 -10 1
28 1 Car -1 -1 2.57 782 186 984 305 -1 -1 -1 -1000 -1000 -1000 -10 1
29 0 Car -1 -1 2.57 528 186 597 220 -1 -1 -1 -1000 -1000 -1000 -10 1
29 1 Car -1 -1 2.57 782 186 984 305 -1 -1 -1 -1000 -1000 -1000 -10 1
30 0 Car -1 -1 2.57 528 186 597 220 -1 -1 -1 -1000 -1000 -1000 -10 1
30 1 Car -1 -1 2.57 782 186 984 305 -1 -1 -1 -1000 -1000 -1000 -10 1
31 0 Car -1 -1 2.57 528 186 597 220 -1 -1 -1 -1000 -1000 -1000 -10 1
31 1 Car -1 -1 2.57 782 186 984 305 -1 -1 -1 -1000 -1000 -1000 -10 1
32 0 Car -1 -1 2.57 528 186 597 220 -1 -1 -1 -1000 -1000 -1000 -10 1
32 1 Car -1 -1 2.57 782 186 984 305 -1 -1 -1 -1000 -1000 -1000 -10 1
33 0 Car -1 -1 2.57 528 186 597 220 -1 -1 -1 -1000 -1000 -1000 -10 1
33 1 Car -1 -1 2.57 782 186 984 305 -1 -1 -1 -1000 -1000 -1000 -10 1
34 0 Car -1 -1 2.57 528 186 597 220 -1 -1 -1 -1000 -1000 -1000 -10 1
34 1 Car -1 -1 2.57 782 186 984 305 -1 -1 -1 -1000 -1000 -1000 -10 1
35 0 Car -1 -1 2.57 528 186 597 220 -1 -1 -1 -1000 -1000 -1000 -10 1
35 1 Car -1 -1 2.57 782 186 984 305 -1 -1 -1 -1000 -1000 -1000 -10 1
36 0 Car -1 -1 2.57 528 186 597 220 -1 -1 -1 -1000 -1000 -1000 -10 1
36 1 Car -1 -1 2.57 782 186 984 305 -1 -1 -1 -1000 -1000 -1000 -10 1
37 0 Car -1 -1 2.57 528 186 597 220 -1 -1 -1 -1000 -1000 -1000 -10 1
37 1 Car -1 -1 2.57 782 186 984 305 -1 -1 -1 -1000 -1000 -1000 -10 1
38 0 Car -1 -1 2.57 528 186 597 220 -1 -1 -1 -1000 -1000 -1000 -10 1
38 1 Car -1 -1 2.57 782 186 984 305 -1 -1 -1 -1000 -1000 -1000 -10 1
38 2 Car -1 -1 2.57 1113 141 1247 282 -1 -1 -1 -1000 -1000 -1000 -10 1
39 0 Car -1 -1 2.57 528 186 597 220 -1 -1 -1 -1000 -1000 -1000 -10 1
39 1 Car -1 -1 2.57 782 186 984 305 -1 -1 -1 -1000 -1000 -1000 -10 1
39 2 Car -1 -1 2.57 1113 141 1247 282 -1 -1 -1 -1000 -1000 -1000 -10 1
40 0 Car -1 -1 2.57 528 186 597 220 -1 -1 -1 -1000 -1000 -1000 -10 1
40 1 Car -1 -1 2.57 782 186 984 305 -1 -1 -1 -1000 -1000 -1000 -10 1
40 2 Car -1 -1 2.57 1113 141 1247 282 -1 -1 -1 -1000 -1000 -1000 -10 1
41 0 Car -1 -1 2.57 528 186 597 220 -1 -1 -1 -1000 -1000 -1000 -10 1
41 1 Car -1 -1 2.57 782 186 984 305 -1 -1 -1 -1000 -1000 -1000 -10 1
41 2 Car -1 -1 2.57 1113 141 1247 282 -1 -1 -1 -1000 -1000 -1000 -10 1
42 0 Car -1 -1 2.57 528 186 597 220 -1 -1 -1 -1000 -1000 -1000 -10 1
42 1 Car -1 -1 2.57 782 186 984 305 -1 -1 -1 -1000 -1000 -1000 -10 1
42 2 Car -1 -1 2.57 1113 141 1247 282 -1 -1 -1 -1000 -1000 -1000 -10 1
43 0 Car -1 -1 2.57 528 186 597 220 -1 -1 -1 -1000 -1000 -1000 -10 1
43 1 Car -1 -1 2.57 782 186 984 305 -1 -1 -1 -1000 -1000 -1000 -10 1
43 2 Car -1 -1 2.57 1113 141 1247 282 -1 -1 -1 -1000 -1000 -1000 -10 1
44 0 Car -1 -1 2.57 528 186 597 220 -1 -1 -1 -1000 -1000 -1000 -10 1
44 1 Car -1 -1 2.57 782 186 984 305 -1 -1 -1 -1000 -1000 -1000 -10 1
44 2 Car -1 -1 2.57 1113 141 1247 282 -1 -1 -1 -1000 -1000 -1000 -10 1
45 0 Car -1 -1 2.57 528 186 597 220 -1 -1 -1 -1000 -1000 -1000 -10 1
45 1 Car -1 -1 2.57 782 186 984 305 -1 -1 -1 -1000 -1000 -1000 -10 1
45 2 Car -1 -1 2.57 1113 141 1247 282 -1 -1 -1 -1000 -1000 -1000 -10 1
46 0 Car -1 -1 2.57 528 186 597 220 -1 -1 -1 -1000 -1000 -1000 -10 1
46 1 Car -1 -1 2.57 782 186 984 305 -1 -1 -1 -1000 -1000 -1000 -10 1
46 2 Car -1 -1 2.57 1113 141 1247 282 -1 -1 -1 -1000 -1000 -1000 -10 1
47 0 Car -1 -1 2.57 528 186 597 220 -1 -1 -1 -1000 -1000 -1000 -10 1
47 1 Car -1 -1 2.57 782 186 984 305 -1 -1 -1 -1000 -1000 -1000 -10 1
47 2 Car -1 -1 2.57 1113 141 1247 282 -1 -1 -1 -1000 -1000 -1000 -10 1
48 0 Car -1 -1 2.57 528 186 597 220 -1 -1 -1 -1000 -1000 -1000 -10 1
48 1 Car -1 -1 2.57 782 186 984 305 -1 -1 -1 -1000 -1000 -1000 -10 1
48 2 Car -1 -1 2.57 1113 141 1247 282 -1 -1 -1 -1000 -1000 -1000 -10 1
49 0 Car -1 -1 2.57 528 186 597 220 -1 -1 -1 -1000 -1000 -1000 -10 1
49 1 Car -1 -1 2.57 782 186 984 305 -1 -1 -1 -1000 -1000 -1000 -10 1
49 2 Car -1 -1 2.57 1113 141 1247 282 -1 -1 -1 -1000 -1000 -1000 -10 1
50 0 Car -1 -1 2.57 528 186 597 220 -1 -1 -1 -1000 -1000 -1000 -10 1
50 1 Car -1 -1 2.57 782 186 984 305 -1 -1 -1 -1000 -1000 -1000 -10 1
50 2 Car -1 -1 2.57 1113 141 1247 282 -1 -1 -1 -1000 -1000 -1000 -10 1
51 0 Car -1 -1 2.57 528 186 597 220 -1 -1 -1 -1000 -1000 -1000 -10 1
51 1 Car -1 -1 2.57 782 186 984 305 -1 -1 -1 -1000 -1000 -1000 -10 1
51 2 Car -1 -1 2.57 1113 141 1247 282 -1 -1 -1 -1000 -1000 -1000 -10 1
52 0 Car -1 -1 2.57 528 186 597 220 -1 -1 -1 -1000 -1000 -1000 -10 1
52 1 Car -1 -1 2.57 782 186 984 305 -1 -1 -1 -1000 -1000 -1000 -10 1
52 2 Car -1 -1 2.57 1113 141 1247 282 -1 -1 -1 -1000 -1000 -1000 -10 1
53 0 Car -1 -1 2.57 528 186 597 220 -1 -1 -1 -1000 -1000 -1000 -10 1
53 1 Car -1 -1 2.57 782 186 984 305 -1 -1 -1 -1000 -1000 -1000 -10 1
53 2 Car -1 -1 2.57 1113 141 1247 282 -1 -1 -1 -1000 -1000 -1000 -10 1
54 0 Car -1 -1 2.57 528 186 597 220 -1 -1 -1 -1000 -1000 -1000 -10 1
54 1 Car -1 -1 2.57 782 186 984 305 -1 -1 -1 -1000 -1000 -1000 -10 1
54 2 Car -1 -1 2.57 1113 141 1247 282 -1 -1 -1 -1000 -1000 -1000 -10 1
54 3 Car -1 -1 2.57 1173 120 1244 243 -1 -1 -1 -1000 -1000 -1000 -10 1
55 0 Car -1 -1 2.57 528 186 597 220 -1 -1 -1 -1000 -1000 -1000 -10 1
55 1 Car -1 -1 2.57 782 186 984 305 -1 -1 -1 -1000 -1000 -1000 -10 1
55 2 Car -1 -1 2.57 1113 141 1247 282 -1 -1 -1 -1000 -1000 -1000 -10 1
55 3 Car -1 -1 2.57 1173 120 1244 243 -1 -1 -1 -1000 -1000 -1000 -10 1
56 0 Car -1 -1 2.57 528 186 597 220 -1 -1 -1 -1000 -1000 -1000 -10 1
56 1 Car -1 -1 2.57 782 186 984 305 -1 -1 -1 -1000 -1000 -1000 -10 1
56 2 Car -1 -1 2.57 1113 141 1247 282 -1 -1 -1 -1000 -1000 -1000 -10 1
56 3 Car -1 -1 2.57 1173 120 1244 243 -1 -1 -1 -1000 -1000 -1000 -10 1
57 0 Car -1 -1 2.57 528 186 597 220 -1 -1 -1 -1000 -1000 -1000 -10 1
57 1 Car -1 -1 2.57 782 186 984 305 -1 -1 -1 -1000 -1000 -1000 -10 1
57 2 Car -1 -1 2.57 1113 141 1247 282 -1 -1 -1 -1000 -1000 -1000 -10 1
57 3 Car -1 -1 2.57 1173 120 1244 243 -1 -1 -1 -1000 -1000 -1000 -10 1
58 0 Car -1 -1 2.57 528 186 597 220 -1 -1 -1 -1000 -1000 -1000 -10 1
58 1 Car -1 -1 2.57 782 186 984 305 -1 -1 -1 -1000 -1000 -1000 -10 1
58 2 Car -1 -1 2.57 1113 141 1247 282 -1 -1 -1 -1000 -1000 -1000 -10 1
58 3 Car -1 -1 2.57 1173 120 1244 243 -1 -1 -1 -1000 -1000 -1000 -10 1
59 0 Car -1 -1 2.57 528 186 597 220 -1 -1 -1 -1000 -1000 -1000 -10 1
59 1 Car -1 -1 2.57 782 186 984 305 -1 -1 -1 -1000 -1000 -1000 -10 1
59 2 Car -1 -1 2.57 1113 141 1247 282 -1 -1 -1 -1000 -1000 -1000 -10 1
60 0 Car -1 -1 2.57 528 186 597 220 -1 -1 -1 -1000 -1000 -1000 -10 1
60 1 Car -1 -1 2.57 782 186 984 305 -1 -1 -1 -1000 -1000 -1000 -10 1
60 2 Car -1 -1 2.57 1113 141 1247 282 -1 -1 -1 -1000 -1000 -1000 -10 1
61 0 Car -1 -1 2.57 528 186 597 220 -1 -1 -1 -1000 -1000 -1000 -10 1
61 1 Car -1 -1 2.57 782 186 984 305 -1 -1 -1 -1000 -1000 -1000 -10 1
61 2 Car -1 -1 2.57 1113 141 1247 282 -1 -1 -1 -1000 -1000 -1000 -10 1
62 0 Car -1 -1 2.57 528 186 597 220 -1 -1 -1 -1000 -1000 -1000 -10 1
62 1 Car -1 -1 2.57 782 186 984 305 -1 -1 -1 -1000 -1000 -1000 -10 1
62 2 Car -1 -1 2.57 1113 141 1247 282 -1 -1 -1 -1000 -1000 -1000 -10 1
63 0 Car -1 -1 2.57 528 186 597 220 -1 -1 -1 -1000 -1000 -1000 -10 1
63 1 Car -1 -1 2.57 782 186 984 305 -1 -1 -1 -1000 -1000 -1000 -10 1
63 2 Car -1 -1 2.57 1113 141 1247 282 -1 -1 -1 -1000 -1000 -1000 -10 1
64 0 Car -1 -1 2.57 528 186 597 220 -1 -1 -1 -1000 -1000 -1000 -10 1
64 1 Car -1 -1 2.57 782 186 984 305 -1 -1 -1 -1000 -1000 -1000 -10 1
64 2 Car -1 -1 2.57 1113 141 1247 282 -1 -1 -1 -1000 -1000 -1000 -10 1
65 0 Car -1 -1 2.57 528 186 597 220 -1 -1 -1 -1000 -1000 -1000 -10 1
65 1 Car -1 -1 2.57 782 186 984 305 -1 -1 -1 -1000 -1000 -1000 -10 1
65 2 Car -1 -1 2.57 1113 141 1247 282 -1 -1 -1 -1000 -1000 -1000 -10 1
66 0 Car -1 -1 2.57 528 186 597 220 -1 -1 -1 -1000 -1000 -1000 -10 1
66 1 Car -1 -1 2.57 782 186 984 305 -1 -1 -1 -1000 -1000 -1000 -10 1
66 2 Car -1 -1 2.57 1113 141 1247 282 -1 -1 -1 -1000 -1000 -1000 -10 1
67 0 Car -1 -1 2.57 528 186 597 220 -1 -1 -1 -1000 -1000 -1000 -10 1
67 1 Car -1 -1 2.57 782 186 984 305 -1 -1 -1 -1000 -1000 -1000 -10 1
67 2 Car -1 -1 2.57 1113 141 1247 282 -1 -1 -1 -1000 -1000 -1000 -10 1
68 0 Car -1 -1 2.57 528 186 597 220 -1 -1 -1 -1000 -1000 -1000 -10 1
68 1 Car -1 -1 2.57 782 186 984 305 -1 -1 -1 -1000 -1000 -1000 -10 1
68 2 Car -1 -1 2.57 1113 141 1247 282 -1 -1 -1 -1000 -1000 -1000 -10 1
69 0 Car -1 -1 2.57 528 186 597 220 -1 -1 -1 -1000 -1000 -1000 -10 1
69 1 Car -1 -1 2.57 782 186 984 305 -1 -1 -1 -1000 -1000 -1000 -10 1
69 2 Car -1 -1 2.57 1113 141 1247 282 -1 -1 -1 -1000 -1000 -1000 -10 1
70 0 Car -1 -1 2.57 528 186 597 220 -1 -1 -1 -1000 -1000 -1000 -10 1
70 1 Car -1 -1 2.57 782 186 984 305 -1 -1 -1 -1000 -1000 -1000 -10 1
71 0 Car -1 -1 2.57 528 186 597 220 -1 -1 -1 -1000 -1000 -1000 -10 1
71 1 Car -1 -1 2.57 782 186 984 305 -1 -1 -1 -1000 -1000 -1000 -10 1
72 0 Car -1 -1 2.57 528 186 597 220 -1 -1 -1 -1000 -1000 -1000 -10 1
72 1 Car -1 -1 2.57 782 186 984 305 -1 -1 -1 -1000 -1000 -1000 -10 1
73 0 Car -1 -1 2.57 528 186 597 220 -1 -1 -1 -1000 -1000 -1000 -10 1
73 1 Car -1 -1 2.57 782 186 984 305 -1 -1 -1 -1000 -1000 -1000 -10 1
74 0 Car -1 -1 2.57 528 186 597 220 -1 -1 -1 -1000 -1000 -1000 -10 1
74 1 Car -1 -1 2.57 782 186 984 305 -1 -1 -1 -1000 -1000 -1000 -10 1
75 0 Car -1 -1 2.57 528 186 597 220 -1 -1 -1 -1000 -1000 -1000 -10 1
75 1 Car -1 -1 2.57 782 186 984 305 -1 -1 -1 -1000 -1000 -1000 -10 1
76 0 Car -1 -1 2.57 528 186 597 220 -1 -1 -1 -1000 -1000 -1000 -10 1
76 1 Car -1 -1 2.57 782 186 984 305 -1 -1 -1 -1000 -1000 -1000 -10 1
77 0 Car -1 -1 2.57 528 186 597 220 -1 -1 -1 -1000 -1000 -1000 -10 1
77 1 Car -1 -1 2.57 782 186 984 305 -1 -1 -1 -1000 -1000 -1000 -10 1
78 0 Car -1 -1 2.57 528 186 597 220 -1 -1 -1 -1000 -1000 -1000 -10 1
78 1 Car -1 -1 2.57 782 186 984 305 -1 -1 -1 -1000 -1000 -1000 -10 1
79 0 Car -1 -1 2.57 528 186 597 220 -1 -1 -1 -1000 -1000 -1000 -10 1
79 1 Car -1 -1 2.57 782 186 984 305 -1 -1 -1 -1000 -1000 -1000 -10 1
80 0 Car -1 -1 2.57 528 186 597 220 -1 -1 -1 -1000 -1000 -1000 -10 1
80 1 Car -1 -1 2.57 782 186 984 305 -1 -1 -1 -1000 -1000 -1000 -10 1
81 0 Car -1 -1 2.57 528 186 597 220 -1 -1 -1 -1000 -1000 -1000 -10 1
81 1 Car -1 -1 2.57 782 186 984 305 -1 -1 -1 -1000 -1000 -1000 -10 1
82 1 Car -1 -1 2.57 782 186 984 305 -1 -1 -1 -1000 -1000 -1000 -10 1
83 1 Car -1 -1 2.57 782 186 984 305 -1 -1 -1 -1000 -1000 -1000 -10 1
84 1 Car -1 -1 2.57 782 186 984 305 -1 -1 -1 -1000 -1000 -1000 -10 1
84 4 Car -1 -1 2.57 -3 170 315 362 -1 -1 -1 -1000 -1000 -1000 -10 1
85 1 Car -1 -1 2.57 782 186 984 305 -1 -1 -1 -1000 -1000 -1000 -10 1
85 4 Car -1 -1 2.57 -3 170 315 362 -1 -1 -1 -1000 -1000 -1000 -10 1
86 1 Car -1 -1 2.57 782 186 984 305 -1 -1 -1 -1000 -1000 -1000 -10 1
86 4 Car -1 -1 2.57 -3 170 315 362 -1 -1 -1 -1000 -1000 -1000 -10 1
87 1 Car -1 -1 2.57 782 186 984 305 -1 -1 -1 -1000 -1000 -1000 -10 1
87 4 Car -1 -1 2.57 -3 170 315 362 -1 -1 -1 -1000 -1000 -1000 -10 1
88 1 Car -1 -1 2.57 782 186 984 305 -1 -1 -1 -1000 -1000 -1000 -10 1
88 4 Car -1 -1 2.57 -3 170 315 362 -1 -1 -1 -1000 -1000 -1000 -10 1
89 1 Car -1 -1 2.57 782 186 984 305 -1 -1 -1 -1000 -1000 -1000 -10 1
89 4 Car -1 -1 2.57 -3 170 315 362 -1 -1 -1 -1000 -1000 -1000 -10 1
90 1 Car -1 -1 2.57 782 186 984 305 -1 -1 -1 -1000 -1000 -1000 -10 1
90 4 Car -1 -1 2.57 -3 170 315 362 -1 -1 -1 -1000 -1000 -1000 -10 1
90 5 Car -1 -1 2.57 477 111 708 168 -1 -1 -1 -1000 -1000 -1000 -10 1
91 1 Car -1 -1 2.57 782 186 984 305 -1 -1 -1 -1000 -1000 -1000 -10 1
91 4 Car -1 -1 2.57 -3 170 315 362 -1 -1 -1 -1000 -1000 -1000 -10 1
91 5 Car -1 -1 2.57 477 111 708 168 -1 -1 -1 -1000 -1000 -1000 -10 1
91 6 Car -1 -1 2.57 913 187 1216 374 -1 -1 -1 -1000 -1000 -1000 -10 1
92 1 Car -1 -1 2.57 782 186 984 305 -1 -1 -1 -1000 -1000 -1000 -10 1
92 4 Car -1 -1 2.57 -3 170 315 362 -1 -1 -1 -1000 -1000 -1000 -10 1
92 5 Car -1 -1 2.57 477 111 708 168 -1 -1 -1 -1000 -1000 -1000 -10 1
92 6 Car -1 -1 2.57 913 187 1216 374 -1 -1 -1 -1000 -1000 -1000 -10 1
93 1 Car -1 -1 2.57 782 186 984 305 -1 -1 -1 -1000 -1000 -1000 -10 1
93 4 Car -1 -1 2.57 -3 170 315 362 -1 -1 -1 -1000 -1000 -1000 -10 1
93 5 Car -1 -1 2.57 477 111 708 168 -1 -1 -1 -1000 -1000 -1000 -10 1
93 6 Car -1 -1 2.57 913 187 1216 374 -1 -1 -1 -1000 -1000 -1000 -10 1
93 7 Car -1 -1 2.57 -9 178 34 208 -1 -1 -1 -1000 -1000 -1000 -10 1
94 1 Car -1 -1 2.57 782 186 984 305 -1 -1 -1 -1000 -1000 -1000 -10 1
94 4 Car -1 -1 2.57 -3 170 315 362 -1 -1 -1 -1000 -1000 -1000 -10 1
94 5 Car -1 -1 2.57 477 111 708 168 -1 -1 -1 -1000 -1000 -1000 -10 1
94 6 Car -1 -1 2.57 913 187 1216 374 -1 -1 -1 -1000 -1000 -1000 -10 1
94 7 Car -1 -1 2.57 -9 178 34 208 -1 -1 -1 -1000 -1000 -1000 -10 1
95 1 Car -1 -1 2.57 782 186 984 305 -1 -1 -1 -1000 -1000 -1000 -10 1
95 4 Car -1 -1 2.57 -3 170 315 362 -1 -1 -1 -1000 -1000 -1000 -10 1
95 5 Car -1 -1 2.57 477 111 708 168 -1 -1 -1 -1000 -1000 -1000 -10 1
95 6 Car -1 -1 2.57 913 187 1216 374 -1 -1 -1 -1000 -1000 -1000 -10 1
95 7 Car -1 -1 2.57 -9 178 34 208 -1 -1 -1 -1000 -1000 -1000 -10 1
96 1 Car -1 -1 2.57 782 186 984 305 -1 -1 -1 -1000 -1000 -1000 -10 1
96 4 Car -1 -1 2.57 -3 170 315 362 -1 -1 -1 -1000 -1000 -1000 -10 1
96 6 Car -1 -1 2.57 913 187 1216 374 -1 -1 -1 -1000 -1000 -1000 -10 1
96 7 Car -1 -1 2.57 -9 178 34 208 -1 -1 -1 -1000 -1000 -1000 -10 1
97 1 Car -1 -1 2.57 782 186 984 305 -1 -1 -1 -1000 -1000 -1000 -10 1
97 4 Car -1 -1 2.57 -3 170 315 362 -1 -1 -1 -1000 -1000 -1000 -10 1
97 6 Car -1 -1 2.57 913 187 1216 374 -1 -1 -1 -1000 -1000 -1000 -10 1
97 7 Car -1 -1 2.57 -9 178 34 208 -1 -1 -1 -1000 -1000 -1000 -10 1
98 1 Car -1 -1 2.57 782 186 984 305 -1 -1 -1 -1000 -1000 -1000 -10 1
98 4 Car -1 -1 2.57 -3 170 315 362 -1 -1 -1 -1000 -1000 -1000 -10 1
98 6 Car -1 -1 2.57 913 187 1216 374 -1 -1 -1 -1000 -1000 -1000 -10 1
98 7 Car -1 -1 2.57 -9 178 34 208 -1 -1 -1 -1000 -1000 -1000 -10 1
99 1 Car -1 -1 2.57 782 186 984 305 -1 -1 -1 -1000 -1000 -1000 -10 1
99 4 Car -1 -1 2.57 -3 170 315 362 -1 -1 -1 -1000 -1000 -1000 -10 1
99 6 Car -1 -1 2.57 913 187 1216 374 -1 -1 -1 -1000 -1000 -1000 -10 1
99 7 Car -1 -1 2.57 -9 178 34 208 -1 -1 -1 -1000 -1000 -1000 -10 1
100 1 Car -1 -1 2.57 782 186 984 305 -1 -1 -1 -1000 -1000 -1000 -10 1
100 4 Car -1 -1 2.57 -3 170 315 362 -1 -1 -1 -1000 -1000 -1000 -10 1
100 6 Car -1 -1 2.57 913 187 1216 374 -1 -1 -1 -1000 -1000 -1000 -10 1
100 8 Car -1 -1 2.57 1135 164 1255 362 -1 -1 -1 -1000 -1000 -1000 -10 1
101 1 Car -1 -1 2.57 782 186 984 305 -1 -1 -1 -1000 -1000 -1000 -10 1
101 4 Car -1 -1 2.57 -3 170 315 362 -1 -1 -1 -1000 -1000 -1000 -10 1
101 6 Car -1 -1 2.57 913 187 1216 374 -1 -1 -1 -1000 -1000 -1000 -10 1
101 8 Car -1 -1 2.57 1135 164 1255 362 -1 -1 -1 -1000 -1000 -1000 -10 1
101 9 Car -1 -1 2.57 677 175 836 278 -1 -1 -1 -1000 -1000 -1000 -10 1
102 1 Car -1 -1 2.57 782 186 984 305 -1 -1 -1 -1000 -1000 -1000 -10 1
102 4 Car -1 -1 2.57 -3 170 315 362 -1 -1 -1 -1000 -1000 -1000 -10 1
102 6 Car -1 -1 2.57 913 187 1216 374 -1 -1 -1 -1000 -1000 -1000 -10 1
102 8 Car -1 -1 2.57 1135 164 1255 362 -1 -1 -1 -1000 -1000 -1000 -10 1
102 9 Car -1 -1 2.57 677 175 836 278 -1 -1 -1 -1000 -1000 -1000 -10 1
103 1 Car -1 -1 2.57 782 186 984 305 -1 -1 -1 -1000 -1000 -1000 -10 1
103 4 Car -1 -1 2.57 -3 170 315 362 -1 -1 -1 -1000 -1000 -1000 -10 1
103 6 Car -1 -1 2.57 913 187 1216 374 -1 -1 -1 -1000 -1000 -1000 -10 1
103 8 Car -1 -1 2.57 1135 164 1255 362 -1 -1 -1 -1000 -1000 -1000 -10 1
103 9 Car -1 -1 2.57 677 175 836 278 -1 -1 -1 -1000 -1000 -1000 -10 1
104 1 Car -1 -1 2.57 782 186 984 305 -1 -1 -1 -1000 -1000 -1000 -10 1
104 4 Car -1 -1 2.57 -3 170 315 362 -1 -1 -1 -1000 -1000 -1000 -10 1
104 6 Car -1 -1 2.57 913 187 1216 374 -1 -1 -1 -1000 -1000 -1000 -10 1
104 8 Car -1 -1 2.57 1135 164 1255 362 -1 -1 -1 -1000 -1000 -1000 -10 1
104 9 Car -1 -1 2.57 677 175 836 278 -1 -1 -1 -1000 -1000 -1000 -10 1
105 1 Car -1 -1 2.57 782 186 984 305 -1 -1 -1 -1000 -1000 -1000 -10 1
105 4 Car -1 -1 2.57 -3 170 315 362 -1 -1 -1 -1000 -1000 -1000 -10 1
105 6 Car -1 -1 2.57 913 187 1216 374 -1 -1 -1 -1000 -1000 -1000 -10 1
105 8 Car -1 -1 2.57 1135 164 1255 362 -1 -1 -1 -1000 -1000 -1000 -10 1
105 9 Car -1 -1 2.57 677 175 836 278 -1 -1 -1 -1000 -1000 -1000 -10 1
106 1 Car -1 -1 2.57 782 186 984 305 -1 -1 -1 -1000 -1000 -1000 -10 1
106 4 Car -1 -1 2.57 -3 170 315 362 -1 -1 -1 -1000 -1000 -1000 -10 1
106 6 Car -1 -1 2.57 913 187 1216 374 -1 -1 -1 -1000 -1000 -1000 -10 1
106 8 Car -1 -1 2.57 1135 164 1255 362 -1 -1 -1 -1000 -1000 -1000 -10 1
106 9 Car -1 -1 2.57 677 175 836 278 -1 -1 -1 -1000 -1000 -1000 -10 1
107 1 Car -1 -1 2.57 782 186 984 305 -1 -1 -1 -1000 -1000 -1000 -10 1
107 4 Car -1 -1 2.57 -3 170 315 362 -1 -1 -1 -1000 -1000 -1000 -10 1
107 6 Car -1 -1 2.57 913 187 1216 374 -1 -1 -1 -1000 -1000 -1000 -10 1
107 8 Car -1 -1 2.57 1135 164 1255 362 -1 -1 -1 -1000 -1000 -1000 -10 1
107 9 Car -1 -1 2.57 677 175 836 278 -1 -1 -1 -1000 -1000 -1000 -10 1
108 1 Car -1 -1 2.57 782 186 984 305 -1 -1 -1 -1000 -1000 -1000 -10 1
108 4 Car -1 -1 2.57 -3 170 315 362 -1 -1 -1 -1000 -1000 -1000 -10 1
108 6 Car -1 -1 2.57 913 187 1216 374 -1 -1 -1 -1000 -1000 -1000 -10 1
108 8 Car -1 -1 2.57 1135 164 1255 362 -1 -1 -1 -1000 -1000 -1000 -10 1
108 9 Car -1 -1 2.57 677 175 836 278 -1 -1 -1 -1000 -1000 -1000 -10 1
108 10 Car -1 -1 2.57 986 195 1243 373 -1 -1 -1 -1000 -1000 -1000 -10 1
109 1 Car -1 -1 2.57 782 186 984 305 -1 -1 -1 -1000 -1000 -1000 -10 1
109 4 Car -1 -1 2.57 -3 170 315 362 -1 -1 -1 -1000 -1000 -1000 -10 1
109 6 Car -1 -1 2.57 913 187 1216 374 -1 -1 -1 -1000 -1000 -1000 -10 1
109 8 Car -1 -1 2.57 1135 164 1255 362 -1 -1 -1 -1000 -1000 -1000 -10 1
109 9 Car -1 -1 2.57 677 175 836 278 -1 -1 -1 -1000 -1000 -1000 -10 1
109 10 Car -1 -1 2.57 986 195 1243 373 -1 -1 -1 -1000 -1000 -1000 -10 1
110 1 Car -1 -1 2.57 782 186 984 305 -1 -1 -1 -1000 -1000 -1000 -10 1
110 4 Car -1 -1 2.57 -3 170 315 362 -1 -1 -1 -1000 -1000 -1000 -10 1
110 6 Car -1 -1 2.57 913 187 1216 374 -1 -1 -1 -1000 -1000 -1000 -10 1
110 8 Car -1 -1 2.57 1135 164 1255 362 -1 -1 -1 -1000 -1000 -1000 -10 1
110 9 Car -1 -1 2.57 677 175 836 278 -1 -1 -1 -1000 -1000 -1000 -10 1
110 10 Car -1 -1 2.57 986 195 1243 373 -1 -1 -1 -1000 -1000 -1000 -10 1
110 11 Car -1 -1 2.57 654 177 745 247 -1 -1 -1 -1000 -1000 -1000 -10 1
111 4 Car -1 -1 2.57 -3 170 315 362 -1 -1 -1 -1000 -1000 -1000 -10 1
111 6 Car -1 -1 2.57 913 187 1216 374 -1 -1 -1 -1000 -1000 -1000 -10 1
111 8 Car -1 -1 2.57 1135 164 1255 362 -1 -1 -1 -1000 -1000 -1000 -10 1
111 9 Car -1 -1 2.57 677 175 836 278 -1 -1 -1 -1000 -1000 -1000 -10 1
111 10 Car -1 -1 2.57 986 195 1243 373 -1 -1 -1 -1000 -1000 -1000 -10 1
111 11 Car -1 -1 2.57 654 177 745 247 -1 -1 -1 -1000 -1000 -1000 -10 1
111 12 Car -1 -1 2.57 -2 195 102 339 -1 -1 -1 -1000 -1000 -1000 -10 1
112 4 Car -1 -1 2.57 -3 170 315 362 -1 -1 -1 -1000 -1000 -1000 -10 1
112 6 Car -1 -1 2.57 913 187 1216 374 -1 -1 -1 -1000 -1000 -1000 -10 1
112 8 Car -1 -1 2.57 1135 164 1255 362 -1 -1 -1 -1000 -1000 -1000 -10 1
112 9 Car -1 -1 2.57 677 175 836 278 -1 -1 -1 -1000 -1000 -1000 -10 1
112 10 Car -1 -1 2.57 986 195 1243 373 -1 -1 -1 -1000 -1000 -1000 -10 1
112 11 Car -1 -1 2.57 654 177 745 247 -1 -1 -1 -1000 -1000 -1000 -10 1
112 12 Car -1 -1 2.57 -2 195 102 339 -1 -1 -1 -1000 -1000 -1000 -10 1
113 4 Car -1 -1 2.57 -3 170 315 362 -1 -1 -1 -1000 -1000 -1000 -10 1
113 6 Car -1 -1 2.57 913 187 1216 374 -1 -1 -1 -1000 -1000 -1000 -10 1
113 8 Car -1 -1 2.57 1135 164 1255 362 -1 -1 -1 -1000 -1000 -1000 -10 1
113 9 Car -1 -1 2.57 677 175 836 278 -1 -1 -1 -1000 -1000 -1000 -10 1
113 11 Car -1 -1 2.57 654 177 745 247 -1 -1 -1 -1000 -1000 -1000 -10 1
113 12 Car -1 -1 2.57 -2 195 102 339 -1 -1 -1 -1000 -1000 -1000 -10 1
114 4 Car -1 -1 2.57 -3 170 315 362 -1 -1 -1 -1000 -1000 -1000 -10 1
114 6 Car -1 -1 2.57 913 187 1216 374 -1 -1 -1 -1000 -1000 -1000 -10 1
114 8 Car -1 -1 2.57 1135 164 1255 362 -1 -1 -1 -1000 -1000 -1000 -10 1
114 9 Car -1 -1 2.57 677 175 836 278 -1 -1 -1 -1000 -1000 -1000 -10 1
114 11 Car -1 -1 2.57 654 177 745 247 -1 -1 -1 -1000 -1000 -1000 -10 1
114 12 Car -1 -1 2.57 -2 195 102 339 -1 -1 -1 -1000 -1000 -1000 -10 1
115 4 Car -1 -1 2.57 -3 170 315 362 -1 -1 -1 -1000 -1000 -1000 -10 1
115 6 Car -1 -1 2.57 913 187 1216 374 -1 -1 -1 -1000 -1000 -1000 -10 1
115 8 Car -1 -1 2.57 1135 164 1255 362 -1 -1 -1 -1000 -1000 -1000 -10 1
115 9 Car -1 -1 2.57 677 175 836 278 -1 -1 -1 -1000 -1000 -1000 -10 1
115 11 Car -1 -1 2.57 654 177 745 247 -1 -1 -1 -1000 -1000 -1000 -10 1
115 12 Car -1 -1 2.57 -2 195 102 339 -1 -1 -1 -1000 -1000 -1000 -10 1
116 4 Car -1 -1 2.57 -3 170 315 362 -1 -1 -1 -1000 -1000 -1000 -10 1
116 6 Car -1 -1 2.57 913 187 1216 374 -1 -1 -1 -1000 -1000 -1000 -10 1
116 8 Car -1 -1 2.57 1135 164 1255 362 -1 -1 -1 -1000 -1000 -1000 -10 1
116 9 Car -1 -1 2.57 677 175 836 278 -1 -1 -1 -1000 -1000 -1000 -10 1
116 11 Car -1 -1 2.57 654 177 745 247 -1 -1 -1 -1000 -1000 -1000 -10 1
116 12 Car -1 -1 2.57 -2 195 102 339 -1 -1 -1 -1000 -1000 -1000 -10 1
116 13 Car -1 -1 2.57 -16 120 109 376 -1 -1 -1 -1000 -1000 -1000 -10 1
117 4 Car -1 -1 2.57 -3 170 315 362 -1 -1 -1 -1000 -1000 -1000 -10 1
117 6 Car -1 -1 2.57 913 187 1216 374 -1 -1 -1 -1000 -1000 -1000 -10 1
117 8 Car -1 -1 2.57 1135 164 1255 362 -1 -1 -1 -1000 -1000 -1000 -10 1
117 9 Car -1 -1 2.57 677 175 836 278 -1 -1 -1 -1000 -1000 -1000 -10 1
117 11 Car -1 -1 2.57 654 177 745 247 -1 -1 -1 -1000 -1000 -1000 -10 1
117 12 Car -1 -1 2.57 -2 195 102 339 -1 -1 -1 -1000 -1000 -1000 -10 1
117 13 Car -1 -1 2.57 -16 120 109 376 -1 -1 -1 -1000 -1000 -1000 -10 1
118 4 Car -1 -1 2.57 -3 170 315 362 -1 -1 -1 -1000 -1000 -1000 -10 1
118 6 Car -1 -1 2.57 913 187 1216 374 -1 -1 -1 -1000 -1000 -1000 -10 1
118 8 Car -1 -1 2.57 1135 164 1255 362 -1 -1 -1 -1000 -1000 -1000 -10 1
118 9 Car -1 -1 2.57 677 175 836 278 -1 -1 -1 -1000 -1000 -1000 -10 1
118 11 Car -1 -1 2.57 654 177 745 247 -1 -1 -1 -1000 -1000 -1000 -10 1
118 12 Car -1 -1 2.57 -2 195 102 339 -1 -1 -1 -1000 -1000 -1000 -10 1
118 13 Car -1 -1 2.57 -16 120 109 376 -1 -1 -1 -1000 -1000 -1000 -10 1
119 4 Car -1 -1 2.57 -3 170 315 362 -1 -1 -1 -1000 -1000 -1000 -10 1
119 6 Car -1 -1 2.57 913 187 1216 374 -1 -1 -1 -1000 -1000 -1000 -10 1
119 8 Car -1 -1 2.57 1135 164 1255 362 -1 -1 -1 -1000 -1000 -1000 -10 1
119 9 Car -1 -1 2.57 677 175 836 278 -1 -1 -1 -1000 -1000 -1000 -10 1
119 11 Car -1 -1 2.57 654 177 745 247 -1 -1 -1 -1000 -1000 -1000 -10 1
119 12 Car -1 -1 2.57 -2 195 102 339 -1 -1 -1 -1000 -1000 -1000 -10 1
119 13 Car -1 -1 2.57 -16 120 109 376 -1 -1 -1 -1000 -1000 -1000 -10 1
120 4 Car -1 -1 2.57 -3 170 315 362 -1 -1 -1 -1000 -1000 -1000 -10 1
120 6 Car -1 -1 2.57 913 187 1216 374 -1 -1 -1 -1000 -1000 -1000 -10 1
120 8 Car -1 -1 2.57 1135 164 1255 362 -1 -1 -1 -1000 -1000 -1000 -10 1
120 9 Car -1 -1 2.57 677 175 836 278 -1 -1 -1 -1000 -1000 -1000 -10 1
120 11 Car -1 -1 2.57 654 177 745 247 -1 -1 -1 -1000 -1000 -1000 -10 1
120 12 Car -1 -1 2.57 -2 195 102 339 -1 -1 -1 -1000 -1000 -1000 -10 1
120 13 Car -1 -1 2.57 -16 120 109 376 -1 -1 -1 -1000 -1000 -1000 -10 1
121 4 Car -1 -1 2.57 -3 170 315 362 -1 -1 -1 -1000 -1000 -1000 -10 1
121 6 Car -1 -1 2.57 913 187 1216 374 -1 -1 -1 -1000 -1000 -1000 -10 1
121 8 Car -1 -1 2.57 1135 164 1255 362 -1 -1 -1 -1000 -1000 -1000 -10 1
121 9 Car -1 -1 2.57 677 175 836 278 -1 -1 -1 -1000 -1000 -1000 -10 1
121 11 Car -1 -1 2.57 654 177 745 247 -1 -1 -1 -1000 -1000 -1000 -10 1
121 13 Car -1 -1 2.57 -16 120 109 376 -1 -1 -1 -1000 -1000 -1000 -10 1
122 4 Car -1 -1 2.57 -3 170 315 362 -1 -1 -1 -1000 -1000 -1000 -10 1
122 6 Car -1 -1 2.57 913 187 1216 374 -1 -1 -1 -1000 -1000 -1000 -10 1
122 8 Car -1 -1 2.57 1135 164 1255 362 -1 -1 -1 -1000 -1000 -1000 -10 1
122 9 Car -1 -1 2.57 677 175 836 278 -1 -1 -1 -1000 -1000 -1000 -10 1
122 11 Car -1 -1 2.57 654 177 745 247 -1 -1 -1 -1000 -1000 -1000 -10 1
122 13 Car -1 -1 2.57 -16 120 109 376 -1 -1 -1 -1000 -1000 -1000 -10 1
123 4 Car -1 -1 2.57 -3 170 315 362 -1 -1 -1 -1000 -1000 -1000 -10 1
123 6 Car -1 -1 2.57 913 187 1216 374 -1 -1 -1 -1000 -1000 -1000 -10 1
123 8 Car -1 -1 2.57 1135 164 1255 362 -1 -1 -1 -1000 -1000 -1000 -10 1
123 9 Car -1 -1 2.57 677 175 836 278 -1 -1 -1 -1000 -1000 -1000 -10 1
123 11 Car -1 -1 2.57 654 177 745 247 -1 -1 -1 -1000 -1000 -1000 -10 1
123 13 Car -1 -1 2.57 -16 120 109 376 -1 -1 -1 -1000 -1000 -1000 -10 1
123 14 Car -1 -1 2.57 568 168 604 203 -1 -1 -1 -1000 -1000 -1000 -10 1
124 4 Car -1 -1 2.57 -3 170 315 362 -1 -1 -1 -1000 -1000 -1000 -10 1
124 6 Car -1 -1 2.57 913 187 1216 374 -1 -1 -1 -1000 -1000 -1000 -10 1
124 8 Car -1 -1 2.57 1135 164 1255 362 -1 -1 -1 -1000 -1000 -1000 -10 1
124 9 Car -1 -1 2.57 677 175 836 278 -1 -1 -1 -1000 -1000 -1000 -10 1
124 11 Car -1 -1 2.57 654 177 745 247 -1 -1 -1 -1000 -1000 -1000 -10 1
124 13 Car -1 -1 2.57 -16 120 109 376 -1 -1 -1 -1000 -1000 -1000 -10 1
124 14 Car -1 -1 2.57 568 168 604 203 -1 -1 -1 -1000 -1000 -1000 -10 1
125 4 Car -1 -1 2.57 -3 170 315 362 -1 -1 -1 -1000 -1000 -1000 -10 1
125 6 Car -1 -1 2.57 913 187 1216 374 -1 -1 -1 -1000 -1000 -1000 -10 1
125 8 Car -1 -1 2.57 1135 164 1255 362 -1 -1 -1 -1000 -1000 -1000 -10 1
125 9 Car -1 -1 2.57 677 175 836 278 -1 -1 -1 -1000 -1000 -1000 -10 1
125 11 Car -1 -1 2.57 654 177 745 247 -1 -1 -1 -1000 -1000 -1000 -10 1
125 13 Car -1 -1 2.57 -16 120 109 376 -1 -1 -1 -1000 -1000 -1000 -10 1
125 14 Car -1 -1 2.57 568 168 604 203 -1 -1 -1 -1000 -1000 -1000 -10 1
126 4 Car -1 -1 2.57 -3 170 315 362 -1 -1 -1 -1000 -1000 -1000 -10 1
126 6 Car -1 -1 2.57 913 187 1216 374 -1 -1 -1 -1000 -1000 -1000 -10 1
126 8 Car -1 -1 2.57 1135 164 1255 362 -1 -1 -1 -1000 -1000 -1000 -10 1
126 9 Car -1 -1 2.57 677 175 836 278 -1 -1 -1 -1000 -1000 -1000 -10 1
126 11 Car -1 -1 2.57 654 177 745 247 -1 -1 -1 -1000 -1000 -1000 -10 1
126 13 Car -1 -1 2.57 -16 120 109 376 -1 -1 -1 -1000 -1000 -1000 -10 1
126 14 Car -1 -1 2.57 568 168 604 203 -1 -1 -1 -1000 -1000 -1000 -10 1
127 4 Car -1 -1 2.57 -3 170 315 362 -1 -1 -1 -1000 -1000 -1000 -10 1
127 6 Car -1 -1 2.57 913 187 1216 374 -1 -1 -1 -1000 -1000 -1000 -10 1
127 8 Car -1 -1 2.57 1135 164 1255 362 -1 -1 -1 -1000 -1000 -1000 -10 1
127 9 Car -1 -1 2.57 677 175 836 278 -1 -1 -1 -1000 -1000 -1000 -10 1
127 11 Car -1 -1 2.57 654 177 745 247 -1 -1 -1 -1000 -1000 -1000 -10 1
127 13 Car -1 -1 2.57 -16 120 109 376 -1 -1 -1 -1000 -1000 -1000 -10 1
127 14 Car -1 -1 2.57 568 168 604 203 -1 -1 -1 -1000 -1000 -1000 -10 1
128 4 Car -1 -1 2.57 -3 170 315 362 -1 -1 -1 -1000 -1000 -1000 -10 1
128 6 Car -1 -1 2.57 913 187 1216 374 -1 -1 -1 -1000 -1000 -1000 -10 1
128 8 Car -1 -1 2.57 1135 164 1255 362 -1 -1 -1 -1000 -1000 -1000 -10 1
128 9 Car -1 -1 2.57 677 175 836 278 -1 -1 -1 -1000 -1000 -1000 -10 1
128 11 Car -1 -1 2.57 654 177 745 247 -1 -1 -1 -1000 -1000 -1000 -10 1
128 13 Car -1 -1 2.57 -16 120 109 376 -1 -1 -1 -1000 -1000 -1000 -10 1
128 14 Car -1 -1 2.57 568 168 604 203 -1 -1 -1 -1000 -1000 -1000 -10 1
129 4 Car -1 -1 2.57 -3 170 315 362 -1 -1 -1 -1000 -1000 -1000 -10 1
129 6 Car -1 -1 2.57 913 187 1216 374 -1 -1 -1 -1000 -1000 -1000 -10 1
129 8 Car -1 -1 2.57 1135 164 1255 362 -1 -1 -1 -1000 -1000 -1000 -10 1
129 9 Car -1 -1 2.57 677 175 836 278 -1 -1 -1 -1000 -1000 -1000 -10 1
129 11 Car -1 -1 2.57 654 177 745 247 -1 -1 -1 -1000 -1000 -1000 -10 1
129 13 Car -1 -1 2.57 -16 120 109 376 -1 -1 -1 -1000 -1000 -1000 -10 1
129 14 Car -1 -1 2.57 568 168 604 203 -1 -1 -1 -1000 -1000 -1000 -10 1
130 4 Car -1 -1 2.57 -3 170 315 362 -1 -1 -1 -1000 -1000 -1000 -10 1
130 6 Car -1 -1 2.57 913 187 1216 374 -1 -1 -1 -1000 -1000 -1000 -10 1
130 8 Car -1 -1 2.57 1135 164 1255 362 -1 -1 -1 -1000 -1000 -1000 -10 1
130 9 Car -1 -1 2.57 677 175 836 278 -1 -1 -1 -1000 -1000 -1000 -10 1
130 11 Car -1 -1 2.57 654 177 745 247 -1 -1 -1 -1000 -1000 -1000 -10 1
130 13 Car -1 -1 2.57 -16 120 109 376 -1 -1 -1 -1000 -1000 -1000 -10 1
130 14 Car -1 -1 2.57 568 168 604 203 -1 -1 -1 -1000 -1000 -1000 -10 1
131 4 Car -1 -1 2.57 -3 170 315 362 -1 -1 -1 -1000 -1000 -1000 -10 1
131 6 Car -1 -1 2.57 913 187 1216 374 -1 -1 -1 -1000 -1000 -1000 -10 1
131 8 Car -1 -1 2.57 1135 164 1255 362 -1 -1 -1 -1000 -1000 -1000 -10 1
131 9 Car -1 -1 2.57 677 175 836 278 -1 -1 -1 -1000 -1000 -1000 -10 1
131 11 Car -1 -1 2.57 654 177 745 247 -1 -1 -1 -1000 -1000 -1000 -10 1
131 13 Car -1 -1 2.57 -16 120 109 376 -1 -1 -1 -1000 -1000 -1000 -10 1
131 14 Car -1 -1 2.57 568 168 604 203 -1 -1 -1 -1000 -1000 -1000 -10 1
132 4 Car -1 -1 2.57 -3 170 315 362 -1 -1 -1 -1000 -1000 -1000 -10 1
132 6 Car -1 -1 2.57 913 187 1216 374 -1 -1 -1 -1000 -1000 -1000 -10 1
132 8 Car -1 -1 2.57 1135 164 1255 362 -1 -1 -1 -1000 -1000 -1000 -10 1
132 9 Car -1 -1 2.57 677 175 836 278 -1 -1 -1 -1000 -1000 -1000 -10 1
132 11 Car -1 -1 2.57 654 177 745 247 -1 -1 -1 -1000 -1000 -1000 -10 1
132 13 Car -1 -1 2.57 -16 120 109 376 -1 -1 -1 -1000 -1000 -1000 -10 1
132 14 Car -1 -1 2.57 568 168 604 203 -1 -1 -1 -1000 -1000 -1000 -10 1
133 4 Car -1 -1 2.57 -3 170 315 362 -1 -1 -1 -1000 -1000 -1000 -10 1
133 6 Car -1 -1 2.57 913 187 1216 374 -1 -1 -1 -1000 -1000 -1000 -10 1
133 8 Car -1 -1 2.57 1135 164 1255 362 -1 -1 -1 -1000 -1000 -1000 -10 1
133 9 Car -1 -1 2.57 677 175 836 278 -1 -1 -1 -1000 -1000 -1000 -10 1
133 11 Car -1 -1 2.57 654 177 745 247 -1 -1 -1 -1000 -1000 -1000 -10 1
133 13 Car -1 -1 2.57 -16 120 109 376 -1 -1 -1 -1000 -1000 -1000 -10 1
133 14 Car -1 -1 2.57 568 168 604 203 -1 -1 -1 -1000 -1000 -1000 -10 1
134 4 Car -1 -1 2.57 -3 170 315 362 -1 -1 -1 -1000 -1000 -1000 -10 1
134 6 Car -1 -1 2.57 913 187 1216 374 -1 -1 -1 -1000 -1000 -1000 -10 1
134 8 Car -1 -1 2.57 1135 164 1255 362 -1 -1 -1 -1000 -1000 -1000 -10 1
134 9 Car -1 -1 2.57 677 175 836 278 -1 -1 -1 -1000 -1000 -1000 -10 1
134 11 Car -1 -1 2.57 654 177 745 247 -1 -1 -1 -1000 -1000 -1000 -10 1
134 13 Car -1 -1 2.57 -16 120 109 376 -1 -1 -1 -1000 -1000 -1000 -10 1
134 14 Car -1 -1 2.57 568 168 604 203 -1 -1 -1 -1000 -1000 -1000 -10 1
134 15 Car -1 -1 2.57 471 172 536 202 -1 -1 -1 -1000 -1000 -1000 -10 1
135 4 Car -1 -1 2.57 -3 170 315 362 -1 -1 -1 -1000 -1000 -1000 -10 1
135 6 Car -1 -1 2.57 913 187 1216 374 -1 -1 -1 -1000 -1000 -1000 -10 1
135 8 Car -1 -1 2.57 1135 164 1255 362 -1 -1 -1 -1000 -1000 -1000 -10 1
135 9 Car -1 -1 2.57 677 175 836 278 -1 -1 -1 -1000 -1000 -1000 -10 1
135 11 Car -1 -1 2.57 654 177 745 247 -1 -1 -1 -1000 -1000 -1000 -10 1
135 13 Car -1 -1 2.57 -16 120 109 376 -1 -1 -1 -1000 -1000 -1000 -10 1
135 14 Car -1 -1 2.57 568 168 604 203 -1 -1 -1 -1000 -1000 -1000 -10 1
135 15 Car -1 -1 2.57 471 172 536 202 -1 -1 -1 -1000 -1000 -1000 -10 1
136 4 Car -1 -1 2.57 -3 170 315 362 -1 -1 -1 -1000 -1000 -1000 -10 1
136 6 Car -1 -1 2.57 913 187 1216 374 -1 -1 -1 -1000 -1000 -1000 -10 1
136 8 Car -1 -1 2.57 1135 164 1255 362 -1 -1 -1 -1000 -1000 -1000 -10 1
136 9 Car -1 -1 2.57 677 175 836 278 -1 -1 -1 -1000 -1000 -1000 -10 1
136 11 Car -1 -1 2.57 654 177 745 247 -1 -1 -1 -1000 -1000 -1000 -10 1
136 13 Car -1 -1 2.57 -16 120 109 376 -1 -1 -1 -1000 -1000 -1000 -10 1
136 14 Car -1 -1 2.57 568 168 604 203 -1 -1 -1 -1000 -1000 -1000 -10 1
136 15 Car -1 -1 2.57 471 172 536 202 -1 -1 -1 -1000 -1000 -1000 -10 1
137 4 Car -1 -1 2.57 -3 170 315 362 -1 -1 -1 -1000 -1000 -1000 -10 1
137 6 Car -1 -1 2.57 913 187 1216 374 -1 -1 -1 -1000 -1000 -1000 -10 1
137 8 Car -1 -1 2.57 1135 164 1255 362 -1 -1 -1 -1000 -1000 -1000 -10 1
137 9 Car -1 -1 2.57 677 175 836 278 -1 -1 -1 -1000 -1000 -1000 -10 1
137 11 Car -1 -1 2.57 654 177 745 247 -1 -1 -1 -1000 -1000 -1000 -10 1
137 13 Car -1 -1 2.57 -16 120 109 376 -1 -1 -1 -1000 -1000 -1000 -10 1
137 14 Car -1 -1 2.57 568 168 604 203 -1 -1 -1 -1000 -1000 -1000 -10 1
137 15 Car -1 -1 2.57 471 172 536 202 -1 -1 -1 -1000 -1000 -1000 -10 1
137 16 Car -1 -1 2.57 782 166 1098 366 -1 -1 -1 -1000 -1000 -1000 -10 1
138 4 Car -1 -1 2.57 -3 170 315 362 -1 -1 -1 -1000 -1000 -1000 -10 1
138 6 Car -1 -1 2.57 913 187 1216 374 -1 -1 -1 -1000 -1000 -1000 -10 1
138 8 Car -1 -1 2.57 1135 164 1255 362 -1 -1 -1 -1000 -1000 -1000 -10 1
138 9 Car -1 -1 2.57 677 175 836 278 -1 -1 -1 -1000 -1000 -1000 -10 1
138 11 Car -1 -1 2.57 654 177 745 247 -1 -1 -1 -1000 -1000 -1000 -10 1
138 13 Car -1 -1 2.57 -16 120 109 376 -1 -1 -1 -1000 -1000 -1000 -10 1
138 14 Car -1 -1 2.57 568 168 604 203 -1 -1 -1 -1000 -1000 -1000 -10 1
138 15 Car -1 -1 2.57 471 172 536 202 -1 -1 -1 -1000 -1000 -1000 -10 1
138 16 Car -1 -1 2.57 782 166 1098 366 -1 -1 -1 -1000 -1000 -1000 -10 1
139 4 Car -1 -1 2.57 -3 170 315 362 -1 -1 -1 -1000 -1000 -1000 -10 1
139 6 Car -1 -1 2.57 913 187 1216 374 -1 -1 -1 -1000 -1000 -1000 -10 1
139 8 Car -1 -1 2.57 1135 164 1255 362 -1 -1 -1 -1000 -1000 -1000 -10 1
139 9 Car -1 -1 2.57 677 175 836 278 -1 -1 -1 -1000 -1000 -1000 -10 1
139 11 Car -1 -1 2.57 654 177 745 247 -1 -1 -1 -1000 -1000 -1000 -10 1
139 13 Car -1 -1 2.57 -16 120 109 376 -1 -1 -1 -1000 -1000 -1000 -10 1
139 14 Car -1 -1 2.57 568 168 604 203 -1 -1 -1 -1000 -1000 -1000 -10 1
139 15 Car -1 -1 2.57 471 172 536 202 -1 -1 -1 -1000 -1000 -1000 -10 1
139 16 Car -1 -1 2.57 782 166 1098 366 -1 -1 -1 -1000 -1000 -1000 -10 1
140 4 Car -1 -1 2.57 -3 170 315 362 -1 -1 -1 -1000 -1000 -1000 -10 1
140 6 Car -1 -1 2.57 913 187 1216 374 -1 -1 -1 -1000 -1000 -1000 -10 1
140 8 Car -1 -1 2.57 1135 164 1255 362 -1 -1 -1 -1000 -1000 -1000 -10 1
140 9 Car -1 -1 2.57 677 175 836 278 -1 -1 -1 -1000 -1000 -1000 -10 1
140 11 Car -1 -1 2.57 654 177 745 247 -1 -1 -1 -1000 -1000 -1000 -10 1
140 13 Car -1 -1 2.57 -16 120 109 376 -1 -1 -1 -1000 -1000 -1000 -10 1
140 14 Car -1 -1 2.57 568 168 604 203 -1 -1 -1 -1000 -1000 -1000 -10 1
140 15 Car -1 -1 2.57 471 172 536 202 -1 -1 -1 -1000 -1000 -1000 -10 1
140 16 Car -1 -1 2.57 782 166 1098 366 -1 -1 -1 -1000 -1000 -1000 -10 1
141 4 Car -1 -1 2.57 -3 170 315 362 -1 -1 -1 -1000 -1000 -1000 -10 1
141 6 Car -1 -1 2.57 913 187 1216 374 -1 -1 -1 -1000 -1000 -1000 -10 1
141 8 Car -1 -1 2.57 1135 164 1255 362 -1 -1 -1 -1000 -1000 -1000 -10 1
141 9 Car -1 -1 2.57 677 175 836 278 -1 -1 -1 -1000 -1000 -1000 -10 1
141 11 Car -1 -1 2.57 654 177 745 247 -1 -1 -1 -1000 -1000 -1000 -10 1
141 13 Car -1 -1 2.57 -16 120 109 376 -1 -1 -1 -1000 -1000 -1000 -10 1
141 14 Car -1 -1 2.57 568 168 604 203 -1 -1 -1 -1000 -1000 -1000 -10 1
141 15 Car -1 -1 2.57 471 172 536 202 -1 -1 -1 -1000 -1000 -1000 -10 1
141 16 Car -1 -1 2.57 782 166 1098 366 -1 -1 -1 -1000 -1000 -1000 -10 1
142 4 Car -1 -1 2.57 -3 170 315 362 -1 -1 -1 -1000 -1000 -1000 -10 1
142 6 Car -1 -1 2.57 913 187 1216 374 -1 -1 -1 -1000 -1000 -1000 -10 1
142 8 Car -1 -1 2.57 1135 164 1255 362 -1 -1 -1 -1000 -1000 -1000 -10 1
142 9 Car -1 -1 2.57 677 175 836 278 -1 -1 -1 -1000 -1000 -1000 -10 1
142 11 Car -1 -1 2.57 654 177 745 247 -1 -1 -1 -1000 -1000 -1000 -10 1
142 13 Car -1 -1 2.57 -16 120 109 376 -1 -1 -1 -1000 -1000 -1000 -10 1
142 14 Car -1 -1 2.57 568 168 604 203 -1 -1 -1 -1000 -1000 -1000 -10 1
142 15 Car -1 -1 2.57 471 172 536 202 -1 -1 -1 -1000 -1000 -1000 -10 1
142 16 Car -1 -1 2.57 782 166 1098 366 -1 -1 -1 -1000 -1000 -1000 -10 1
143 4 Car -1 -1 2.57 -3 170 315 362 -1 -1 -1 -1000 -1000 -1000 -10 1
143 6 Car -1 -1 2.57 913 187 1216 374 -1 -1 -1 -1000 -1000 -1000 -10 1
143 8 Car -1 -1 2.57 1135 164 1255 362 -1 -1 -1 -1000 -1000 -1000 -10 1
143 9 Car -1 -1 2.57 677 175 836 278 -1 -1 -1 -1000 -1000 -1000 -10 1
143 11 Car -1 -1 2.57 654 177 745 247 -1 -1 -1 -1000 -1000 -1000 -10 1
143 13 Car -1 -1 2.57 -16 120 109 376 -1 -1 -1 -1000 -1000 -1000 -10 1
143 14 Car -1 -1 2.57 568 168 604 203 -1 -1 -1 -1000 -1000 -1000 -10 1
143 15 Car -1 -1 2.57 471 172 536 202 -1 -1 -1 -1000 -1000 -1000 -10 1
143 16 Car -1 -1 2.57 782 166 1098 366 -1 -1 -1 -1000 -1000 -1000 -10 1
144 4 Car -1 -1 2.57 -3 170 315 362 -1 -1 -1 -1000 -1000 -1000 -10 1
144 6 Car -1 -1 2.57 913 187 1216 374 -1 -1 -1 -1000 -1000 -1000 -10 1
144 8 Car -1 -1 2.57 1135 164 1255 362 -1 -1 -1 -1000 -1000 -1000 -10 1
144 9 Car -1 -1 2.57 677 175 836 278 -1 -1 -1 -1000 -1000 -1000 -10 1
144 11 Car -1 -1 2.57 654 177 745 247 -1 -1 -1 -1000 -1000 -1000 -10 1
144 13 Car -1 -1 2.57 -16 120 109 376 -1 -1 -1 -1000 -1000 -1000 -10 1
144 14 Car -1 -1 2.57 568 168 604 203 -1 -1 -1 -1000 -1000 -1000 -10 1
144 15 Car -1 -1 2.57 471 172 536 202 -1 -1 -1 -1000 -1000 -1000 -10 1
144 16 Car -1 -1 2.57 782 166 1098 366 -1 -1 -1 -1000 -1000 -1000 -10 1
145 4 Car -1 -1 2.57 -3 170 315 362 -1 -1 -1 -1000 -1000 -1000 -10 1
145 6 Car -1 -1 2.57 913 187 1216 374 -1 -1 -1 -1000 -1000 -1000 -10 1
145 8 Car -1 -1 2.57 1135 164 1255 362 -1 -1 -1 -1000 -1000 -1000 -10 1
145 9 Car -1 -1 2.57 677 175 836 278 -1 -1 -1 -1000 -1000 -1000 -10 1
145 11 Car -1 -1 2.57 654 177 745 247 -1 -1 -1 -1000 -1000 -1000 -10 1
145 13 Car -1 -1 2.57 -16 120 109 376 -1 -1 -1 -1000 -1000 -1000 -10 1
145 14 Car -1 -1 2.57 568 168 604 203 -1 -1 -1 -1000 -1000 -1000 -10 1
145 15 Car -1 -1 2.57 471 172 536 202 -1 -1 -1 -1000 -1000 -1000 -10 1
145 16 Car -1 -1 2.57 782 166 1098 366 -1 -1 -1 -1000 -1000 -1000 -10 1
145 17 Car -1 -1 2.57 277 190 391 285 -1 -1 -1 -1000 -1000 -1000 -10 1
146 4 Car -1 -1 2.57 -3 170 315 362 -1 -1 -1 -1000 -1000 -1000 -10 1
146 6 Car -1 -1 2.57 913 187 1216 374 -1 -1 -1 -1000 -1000 -1000 -10 1
146 8 Car -1 -1 2.57 1135 164 1255 362 -1 -1 -1 -1000 -1000 -1000 -10 1
146 9 Car -1 -1 2.57 677 175 836 278 -1 -1 -1 -1000 -1000 -1000 -10 1
146 11 Car -1 -1 2.57 654 177 745 247 -1 -1 -1 -1000 -1000 -1000 -10 1
146 13 Car -1 -1 2.57 -16 120 109 376 -1 -1 -1 -1000 -1000 -1000 -10 1
146 14 Car -1 -1 2.57 568 168 604 203 -1 -1 -1 -1000 -1000 -1000 -10 1
146 15 Car -1 -1 2.57 471 172 536 202 -1 -1 -1 -1000 -1000 -1000 -10 1
146 16 Car -1 -1 2.57 782 166 1098 366 -1 -1 -1 -1000 -1000 -1000 -10 1
146 17 Car -1 -1 2.57 277 190 391 285 -1 -1 -1 -1000 -1000 -1000 -10 1
147 4 Car -1 -1 2.57 -3 170 315 362 -1 -1 -1 -1000 -1000 -1000 -10 1
147 6 Car -1 -1 2.57 913 187 1216 374 -1 -1 -1 -1000 -1000 -1000 -10 1
147 9 Car -1 -1 2.57 677 175 836 278 -1 -1 -1 -1000 -1000 -1000 -10 1
147 11 Car -1 -1 2.57 654 177 745 247 -1 -1 -1 -1000 -1000 -1000 -10 1
147 13 Car -1 -1 2.57 -16 120 109 376 -1 -1 -1 -1000 -1000 -1000 -10 1
147 14 Car -1 -1 2.57 568 168 604 203 -1 -1 -1 -1000 -1000 -1000 -10 1
147 15 Car -1 -1 2.57 471 172 536 202 -1 -1 -1 -1000 -1000 -1000 -10 1
147 16 Car -1 -1 2.57 782 166 1098 366 -1 -1 -1 -1000 -1000 -1000 -10 1
147 17 Car -1 -1 2.57 277 190 391 285 -1 -1 -1 -1000 -1000 -1000 -10 1
148 4 Car -1 -1 2.57 -3 170 315 362 -1 -1 -1 -1000 -1000 -1000 -10 1
148 6 Car -1 -1 2.57 913 187 1216 374 -1 -1 -1 -1000 -1000 -1000 -10 1
148 9 Car -1 -1 2.57 677 175 836 278 -1 -1 -1 -1000 -1000 -1000 -10 1
148 11 Car -1 -1 2.57 654 177 745 247 -1 -1 -1 -1000 -1000 -1000 -10 1
148 13 Car -1 -1 2.57 -16 120 109 376 -1 -1 -1 -1000 -1000 -1000 -10 1
148 14 Car -1 -1 2.57 568 168 604 203 -1 -1 -1 -1000 -1000 -1000 -10 1
148 15 Car -1 -1 2.57 471 172 536 202 -1 -1 -1 -1000 -1000 -1000 -10 1
148 16 Car -1 -1 2.57 782 166 1098 366 -1 -1 -1 -1000 -1000 -1000 -10 1
148 17 Car -1 -1 2.57 277 190 391 285 -1 -1 -1 -1000 -1000 -1000 -10 1
148 18 Car -1 -1 2.57 343 187 431 250 -1 -1 -1 -1000 -1000 -1000 -10 1
149 4 Car -1 -1 2.57 -3 170 315 362 -1 -1 -1 -1000 -1000 -1000 -10 1
149 6 Car -1 -1 2.57 913 187 1216 374 -1 -1 -1 -1000 -1000 -1000 -10 1
149 9 Car -1 -1 2.57 677 175 836 278 -1 -1 -1 -1000 -1000 -1000 -10 1
149 11 Car -1 -1 2.57 654 177 745 247 -1 -1 -1 -1000 -1000 -1000 -10 1
149 13 Car -1 -1 2.57 -16 120 109 376 -1 -1 -1 -1000 -1000 -1000 -10 1
149 14 Car -1 -1 2.57 568 168 604 203 -1 -1 -1 -1000 -1000 -1000 -10 1
149 15 Car -1 -1 2.57 471 172 536 202 -1 -1 -1 -1000 -1000 -1000 -10 1
149 16 Car -1 -1 2.57 782 166 1098 366 -1 -1 -1 -1000 -1000 -1000 -10 1
149 17 Car -1 -1 2.57 277 190 391 285 -1 -1 -1 -1000 -1000 -1000 -10 1
149 18 Car -1 -1 2.57 343 187 431 250 -1 -1 -1 -1000 -1000 -1000 -10 1
150 4 Car -1 -1 2.57 -3 170 315 362 -1 -1 -1 -1000 -1000 -1000 -10 1
150 6 Car -1 -1 2.57 913 187 1216 374 -1 -1 -1 -1000 -1000 -1000 -10 1
150 9 Car -1 -1 2.57 677 175 836 278 -1 -1 -1 -1000 -1000 -1000 -10 1
150 11 Car -1 -1 2.57 654 177 745 247 -1 -1 -1 -1000 -1000 -1000 -10 1
150 13 Car -1 -1 2.57 -16 120 109 376 -1 -1 -1 -1000 -1000 -1000 -10 1
150 14 Car -1 -1 2.57 568 168 604 203 -1 -1 -1 -1000 -1000 -1000 -10 1
150 15 Car -1 -1 2.57 471 172 536 202 -1 -1 -1 -1000 -1000 -1000 -10 1
150 16 Car -1 -1 2.57 782 166 1098 366 -1 -1 -1 -1000 -1000 -1000 -10 1
150 17 Car -1 -1 2.57 277 190 391 285 -1 -1 -1 -1000 -1000 -1000 -10 1
150 18 Car -1 -1 2.57 343 187 431 250 -1 -1 -1 -1000 -1000 -1000 -10 1
151 4 Car -1 -1 2.57 -3 170 315 362 -1 -1 -1 -1000 -1000 -1000 -10 1
151 6 Car -1 -1 2.57 913 187 1216 374 -1 -1 -1 -1000 -1000 -1000 -10 1
151 9 Car -1 -1 2.57 677 175 836 278 -1 -1 -1 -1000 -1000 -1000 -10 1
151 11 Car -1 -1 2.57 654 177 745 247 -1 -1 -1 -1000 -1000 -1000 -10 1
151 13 Car -1 -1 2.57 -16 120 109 376 -1 -1 -1 -1000 -1000 -1000 -10 1
151 14 Car -1 -1 2.57 568 168 604 203 -1 -1 -1 -1000 -1000 -1000 -10 1
151 15 Car -1 -1 2.57 471 172 536 202 -1 -1 -1 -1000 -1000 -1000 -10 1
151 16 Car -1 -1 2.57 782 166 1098 366 -1 -1 -1 -1000 -1000 -1000 -10 1
151 17 Car -1 -1 2.57 277 190 391 285 -1 -1 -1 -1000 -1000 -1000 -10 1
151 18 Car -1 -1 2.57 343 187 431 250 -1 -1 -1 -1000 -1000 -1000 -10 1
152 4 Car -1 -1 2.57 -3 170 315 362 -1 -1 -1 -1000 -1000 -1000 -10 1
152 6 Car -1 -1 2.57 913 187 1216 374 -1 -1 -1 -1000 -1000 -1000 -10 1
152 9 Car -1 -1 2.57 677 175 836 278 -1 -1 -1 -1000 -1000 -1000 -10 1
152 11 Car -1 -1 2.57 654 177 745 247 -1 -1 -1 -1000 -1000 -1000 -10 1
152 13 Car -1 -1 2.57 -16 120 109 376 -1 -1 -1 -1000 -1000 -1000 -10 1
152 14 Car -1 -1 2.57 568 168 604 203 -1 -1 -1 -1000 -1000 -1000 -10 1
152 15 Car -1 -1 2.57 471 172 536 202 -1 -1 -1 -1000 -1000 -1000 -10 1
152 16 Car -1 -1 2.57 782 166 1098 366 -1 -1 -1 -1000 -1000 -1000 -10 1
152 17 Car -1 -1 2.57 277 190 391 285 -1 -1 -1 -1000 -1000 -1000 -10 1
152 18 Car -1 -1 2.57 343 187 431 250 -1 -1 -1 -1000 -1000 -1000 -10 1
153 4 Car -1 -1 2.57 -3 170 315 362 -1 -1 -1 -1000 -1000 -1000 -10 1
153 6 Car -1 -1 2.57 913 187 1216 374 -1 -1 -1 -1000 -1000 -1000 -10 1
153 9 Car -1 -1 2.57 677 175 836 278 -1 -1 -1 -1000 -1000 -1000 -10 1
153 11 Car -1 -1 2.57 654 177 745 247 -1 -1 -1 -1000 -1000 -1000 -10 1
153 13 Car -1 -1 2.57 -16 120 109 376 -1 -1 -1 -1000 -1000 -1000 -10 1
153 14 Car -1 -1 2.57 568 168 604 203 -1 -1 -1 -1000 -1000 -1000 -10 1
153 15 Car -1 -1 2.57 471 172 536 202 -1 -1 -1 -1000 -1000 -1000 -10 1
153 16 Car -1 -1 2.57 782 166 1098 366 -1 -1 -1 -1000 -1000 -1000 -10 1
153 17 Car -1 -1 2.57 277 190 391 285 -1 -1 -1 -1000 -1000 -1000 -10 1
153 18 Car -1 -1 2.57 343 187 431 250 -1 -1 -1 -1000 -1000 -1000 -10 1
